{"episode": 0, "step": 1, "state": [0, 5], "index": 20, "collision": 0, "reward": 1, "TCP": [[0.9961946980917455, 0.0, 0.08715574274765817, 0.0], [0.0, 1.0, 0.0, 0.0], [-0.08715574274765817, 0.0, 0.9961946980917455, 0.0], [0.0, 0.0, 0.0, 1.0]]}
{"episode": 1, "step": 1, "state": [0, 0], "index": 40, "collision": 0, "reward": 1, "TCP": [[1.0, 0.0, 0.0, -1.4142135623730951], [0.0, 1.0, 0.0, 0.0], [0.0, 0.0, 1.0, -1.4142135623730951], [0.0, 0.0, 0.0, 1.0]]}
{"episode": 2, "step": 1, "state": [0, 0], "index": 60, "collision": 0, "reward": 1, "TCP": [[1.0, 0.0, 0.0, -2.8284271247461894], [0.0, 1.0, 0.0, 0.0], [0.0, 0.0, 1.0, -2.8284271247461894], [0.0, 0.0, 0.0, 1.0]]}
{"episode": 3, "step": 1, "state": [0, 0], "index": 80, "collision": 0, "reward": 1, "TCP": [[1.0, 0.0, 0.0, -4.242640687119282], [0.0, 1.0, 0.0, 0.0], [0.0, 0.0, 1.0, -4.242640687119282], [0.0, 0.0, 0.0, 1.0]]}
{"episode": 4, "step": 45, "state": [0, -70], "index": 100, "collision": 0, "reward": 1, "TCP": [[0.34202014332566905, 0.0, -0.9396926207859089, 2.1726853789682132], [0.0, 1.0, 0.0, 0.0], [0.9396926207859088, 0.0, 0.342020143325669, -6.788920256124515], [0.0, 0.0, 0.0, 1.0]]}
{"episode": 5, "step": 22, "state": [0, -70], "index": 120, "collision": 0, "reward": 1, "TCP": [[0.342020143325669, 0.0, -0.9396926207859085, 0.36006980489491824], [0.0, 1.0, 0.0, 0.0], [0.9396926207859085, 0.0, 0.342020143325669, -7.634156779605912], [0.0, 0.0, 0.0, 1.0]]}
{"episode": 6, "step": 29, "state": [0, -70], "index": 140, "collision": 0, "reward": 1, "TCP": [[0.34202014332566916, 0.0, -0.9396926207859088, -1.4525457691783794], [0.0, 1.0, 0.0, 0.0], [0.9396926207859088, 0.0, 0.3420201433256688, -8.479393303087303], [0.0, 0.0, 0.0, 1.0]]}
{"episode": 8, "step": 23, "state": [0, 85], "index": 160, "collision": 0, "reward": 1, "TCP": [[0.08715574274765839, 0.0, 0.996194698091746, -0.9815176973599037], [0.0, 1.0, 0.0, 0.0], [-0.996194698091746, 0.0, 0.08715574274765832, 9.83090143424138], [0.0, 0.0, 0.0, 1.0]]}
