{"episode": 0, "step": 1, "state": [0, 5, 0, 0, 0], "index": 20, "collision": 0, "reward": 1, "TCP": [[0.9961946980917455, 0.0, 0.08715574274765817, 0.0], [0.0, 1.0, 0.0, 0.0], [-0.08715574274765817, 0.0, 0.9961946980917455, 0.0], [0.0, 0.0, 0.0, 1.0]]}
{"episode": 1, "step": 1, "state": [0, 0, 1.4142135623730951, 0.0, 1.4142135623730951], "index": 40, "collision": 0, "reward": 1, "TCP": [[1.0, 0.0, 0.0, -1.4142135623730951], [0.0, 1.0, 0.0, 0.0], [0.0, 0.0, 1.0, -1.4142135623730951], [0.0, 0.0, 0.0, 1.0]]}
{"episode": 2, "step": 1, "state": [0, 5, 1.5320888862379551, 0.0, 1.285575219373078], "index": 60, "collision": 0, "reward": 1, "TCP": [[0.9961946980917455, 0.0, 0.08715574274765817, -3.064177772475911], [0.0, 1.0, 0.0, 0.0], [-0.08715574274765817, 0.0, 0.9961946980917455, -2.5711504387461566], [0.0, 0.0, 0.0, 1.0]]}
{"episode": 3, "step": 1, "state": [0, -5, 1.2855752193730765, 0.0, 1.5320888862379536], "index": 80, "collision": 0, "reward": 1, "TCP": [[0.9961946980917455, 0.0, -0.08715574274765817, -3.8567256581192333], [0.0, 1.0, 0.0, 0.0], [0.08715574274765817, 0.0, 0.9961946980917455, -4.596266658713865], [0.0, 0.0, 0.0, 1.0]]}
{"episode": 4, "step": 29, "state": [0, -70, 0.3630241914759804, 0.0, 1.3510735339046192], "index": 100, "collision": 0, "reward": 1, "TCP": [[0.342020143325669, 0.0, -0.9396926207859088, 2.1726853789682123], [0.0, 1.0, 0.0, 0.0], [0.9396926207859085, 0.0, 0.34202014332566893, -6.788920256124515], [0.0, 0.0, 0.0, 1.0]]}
{"episode": 5, "step": 46, "state": [0, -70, 1.8126155740732972, 0.0, 0.845236523481397], "index": 120, "collision": 0, "reward": 1, "TCP": [[0.34202014332566916, 0.0, -0.939692620785909, 0.360069804894919], [0.0, 1.0, 0.0, 0.0], [0.9396926207859088, 0.0, 0.342020143325669, -7.634156779605913], [0.0, 0.0, 0.0, 1.0]]}
{"episode": 6, "step": 23, "state": [0, -70, 1.8126155740732988, 0.0, 0.8452365234813967], "index": 140, "collision": 0, "reward": 1, "TCP": [[0.34202014332566905, 0.0, -0.9396926207859085, -1.4525457691783807], [0.0, 1.0, 0.0, 0.0], [0.9396926207859086, 0.0, 0.342020143325669, -8.479393303087305], [0.0, 0.0, 0.0, 1.0]]}
{"episode": 7, "step": 17, "state": [0, -65, 1.8793852415718164, 0.0, 0.6840402866513345], "index": 160, "collision": 0, "reward": 1, "TCP": [[0.42261826174069966, 0.0, -0.90630778703665, -4.065431456943008], [0.0, 1.0, 0.0, 0.0], [0.90630778703665, 0.0, 0.42261826174069966, -9.004569232833855], [0.0, 0.0, 0.0, 1.0]]}
