{"episode": 0, "step": 1, "state": [0, 5, 0, 0, 0], "index": 0, "collision": 0, "reward": 1, "TCP": [[0.9961946980917455, 0.0, 0.08715574274765817, 0.0], [0.0, 1.0, 0.0, 0.0], [-0.08715574274765817, 0.0, 0.9961946980917455, 0.0], [0.0, 0.0, 0.0, 1.0]]}
{"episode": 1, "step": 1, "state": [0, 0, 1.4142135623730951, 0.0, 1.4142135623730951], "index": 20, "collision": 0, "reward": 1, "TCP": [[1.0, 0.0, 0.0, -1.4142135623730951], [0.0, 1.0, 0.0, 0.0], [0.0, 0.0, 1.0, -1.4142135623730951], [0.0, 0.0, 0.0, 1.0]]}
{"episode": 2, "step": 1, "state": [0, 5, 1.5320888862379551, 0.0, 1.285575219373078], "index": 40, "collision": 0, "reward": 1, "TCP": [[0.9961946980917455, 0.0, 0.08715574274765817, -3.064177772475911], [0.0, 1.0, 0.0, 0.0], [-0.08715574274765817, 0.0, 0.9961946980917455, -2.5711504387461566], [0.0, 0.0, 0.0, 1.0]]}
{"episode": 3, "step": 1, "state": [0, -5, 1.2855752193730765, 0.0, 1.5320888862379536], "index": 60, "collision": 0, "reward": 1, "TCP": [[0.9961946980917455, 0.0, -0.08715574274765817, -3.8567256581192333], [0.0, 1.0, 0.0, 0.0], [0.08715574274765817, 0.0, 0.9961946980917455, -4.596266658713865], [0.0, 0.0, 0.0, 1.0]]}
{"episode": 4, "step": 1, "state": [1, -5, 1.3779091174082827, 0.0, 0.24197669676526934], "index": 80, "collision": 1, "reward": -0.5, "TCP": [[0.9961946980917455, 0.0, -0.08715574274765817, -5.234634775527516], [0.0, 1.0, 0.0, 0.0], [0.08715574274765817, 0.0, 0.9961946980917455, -4.838243355479134], [0.0, 0.0, 0.0, 1.0]]}
{"episode": 4, "step": 2, "state": [1, -10, 1.3515760984802057, 0.0, 0.36114859494580437], "index": 80, "collision": 1, "reward": -0.5, "TCP": [[0.9848077530122081, 0.0, -0.17364817766693033, -4.7930347165864795], [0.0, 1.0, 0.0, 0.0], [0.17364817766693033, 0.0, 0.9848077530122081, -5.276060860679752], [0.0, 0.0, 0.0, 1.0]]}
{"episode": 4, "step": 3, "state": [1, -15, 1.3149567693387332, 0.0, 0.477571934251318], "index": 80, "collision": 1, "reward": -0.5, "TCP": [[0.9659258262890683, 0.0, -0.25881904510252074, -4.314956769338731], [0.0, 1.0, 0.0, 0.0], [0.25881904510252074, 0.0, 0.9659258262890684, -5.673724356957946], [0.0, 0.0, 0.0, 1.0]]}
{"episode": 4, "step": 4, "state": [1, -10, 1.3515760984802059, 0.0, 0.36114859494580437], "index": 80, "collision": 1, "reward": -0.5, "TCP": [[0.9848077530122081, 0.0, -0.17364817766693033, -4.79303471658648], [0.0, 1.0, 0.0, 0.0], [0.17364817766693033, 0.0, 0.9848077530122082, -5.276060860679751], [0.0, 0.0, 0.0, 1.0]]}
{"episode": 4, "step": 5, "state": [1, -15, 1.3149567693387334, 0.0, 0.477571934251318], "index": 80, "collision": 1, "reward": -0.5, "TCP": [[0.9659258262890683, 0.0, -0.25881904510252074, -4.314956769338732], [0.0, 1.0, 0.0, 0.0], [0.25881904510252074, 0.0, 0.9659258262890685, -5.673724356957945], [0.0, 0.0, 0.0, 1.0]]}
{"episode": 4, "step": 6, "state": [1, -15, 1.3149567693387334, 0.0, 0.477571934251318], "index": 80, "collision": 1, "reward": -1, "TCP": [[0.9659258262890683, 0.0, -0.25881904510252074, -4.314956769338732], [0.0, 1.0, 0.0, 0.0], [0.25881904510252074, 0.0, 0.9659258262890685, -5.673724356957945], [0.0, 0.0, 0.0, 1.0]]}
{"episode": 4, "step": 7, "state": [1, -15, 1.3149567693387334, 0.0, 0.477571934251318], "index": 80, "collision": 1, "reward": -1, "TCP": [[0.9659258262890683, 0.0, -0.25881904510252074, -4.314956769338732], [0.0, 1.0, 0.0, 0.0], [0.25881904510252074, 0.0, 0.9659258262890685, -5.673724356957945], [0.0, 0.0, 0.0, 1.0]]}
{"episode": 4, "step": 8, "state": [1, -15, 1.3149567693387334, 0.0, 0.477571934251318], "index": 80, "collision": 1, "reward": -1, "TCP": [[0.9659258262890683, 0.0, -0.25881904510252074, -4.314956769338732], [0.0, 1.0, 0.0, 0.0], [0.25881904510252074, 0.0, 0.9659258262890685, -5.673724356957945], [0.0, 0.0, 0.0, 1.0]]}
{"episode": 4, "step": 9, "state": [1, -20, 1.2683298251899873, 0.0, 0.590360662771361], "index": 80, "collision": 1, "reward": -0.5, "TCP": [[0.9396926207859084, 0.0, -0.34202014332566877, -3.804039395634183], [0.0, 1.0, 0.0, 0.0], [0.3420201433256687, 0.0, 0.9396926207859086, -6.028207384991256], [0.0, 0.0, 0.0, 1.0]]}
{"episode": 4, "step": 10, "state": [1, -20, 1.2683298251899873, 0.0, 0.590360662771361], "index": 80, "collision": 1, "reward": -1, "TCP": [[0.9396926207859084, 0.0, -0.34202014332566877, -3.804039395634183], [0.0, 1.0, 0.0, 0.0], [0.3420201433256687, 0.0, 0.9396926207859086, -6.028207384991256], [0.0, 0.0, 0.0, 1.0]]}
{"episode": 4, "step": 11, "state": [1, -25, 1.212050125233058, 0.0, 0.6986563901781996], "index": 80, "collision": 1, "reward": -0.5, "TCP": [[0.90630778703665, 0.0, -0.4226182617406995, -3.26417098518707], [0.0, 1.0, 0.0, 0.0], [0.42261826174069944, 0.0, 0.9063077870366503, -6.336812114893645], [0.0, 0.0, 0.0, 1.0]]}
{"episode": 4, "step": 12, "state": [1, -30, 1.14654599196723, 0.0, 0.8016349205955196], "index": 80, "collision": 1, "reward": -0.5, "TCP": [[0.8660254037844387, 0.0, -0.5000000000000001, -2.6994602625823547], [0.0, 1.0, 0.0, 0.0], [0.5, 0.0, 0.8660254037844389, -6.597189878329924], [0.0, 0.0, 0.0, 1.0]]}
{"episode": 4, "step": 13, "state": [1, -30, 1.14654599196723, 0.0, 0.8016349205955196], "index": 80, "collision": 1, "reward": -1, "TCP": [[0.8660254037844387, 0.0, -0.5000000000000001, -2.6994602625823547], [0.0, 1.0, 0.0, 0.0], [0.5, 0.0, 0.8660254037844389, -6.597189878329924], [0.0, 0.0, 0.0, 1.0]]}
{"episode": 4, "step": 14, "state": [1, -35, 1.0723159513991332, 0.0, 0.8985125252267084], "index": 80, "collision": 1, "reward": -0.5, "TCP": [[0.8191520442889919, 0.0, -0.5735764363510463, -2.114205017400716], [0.0, 1.0, 0.0, 0.0], [0.573576436351046, 0.0, 0.8191520442889921, -6.807359043299951], [0.0, 0.0, 0.0, 1.0]]}
{"episode": 4, "step": 15, "state": [1, -35, 1.0723159513991332, 0.0, 0.8985125252267084], "index": 80, "collision": 1, "reward": -1, "TCP": [[0.8191520442889919, 0.0, -0.5735764363510463, -2.114205017400716], [0.0, 1.0, 0.0, 0.0], [0.573576436351046, 0.0, 0.8191520442889921, -6.807359043299951], [0.0, 0.0, 0.0, 1.0]]}
{"episode": 4, "step": 16, "state": [1, -40, 0.9899249389588147, 0.0, 0.9885519070042259], "index": 80, "collision": 1, "reward": -0.5, "TCP": [[0.7660444431189781, 0.0, -0.6427876096865396, -1.512859395444765], [0.0, 1.0, 0.0, 0.0], [0.6427876096865393, 0.0, 0.7660444431189783, -6.965720095554693], [0.0, 0.0, 0.0, 1.0]]}
{"episode": 4, "step": 17, "state": [1, -45, 0.8999999999999989, 0.0, 1.0710678118654797], "index": 80, "collision": 1, "reward": -0.5, "TCP": [[0.7071067811865477, 0.0, -0.7071067811865478, -0.9000000000000008], [0.0, 1.0, 0.0, 0.0], [0.7071067811865475, 0.0, 0.7071067811865478, -7.071067811865475], [0.0, 0.0, 0.0, 1.0]]}
{"episode": 4, "step": 18, "state": [1, -45, 0.8999999999999989, 0.0, 1.0710678118654797], "index": 80, "collision": 1, "reward": -1, "TCP": [[0.7071067811865477, 0.0, -0.7071067811865478, -0.9000000000000008], [0.0, 1.0, 0.0, 0.0], [0.7071067811865475, 0.0, 0.7071067811865478, -7.071067811865475], [0.0, 0.0, 0.0, 1.0]]}
{"episode": 4, "step": 19, "state": [1, -50, 0.803225517606325, 0.0, 1.1454322439500104], "index": 80, "collision": 1, "reward": -0.5, "TCP": [[0.6427876096865395, 0.0, -0.7660444431189782, -0.28029106112037827], [0.0, 1.0, 0.0, 0.0], [0.766044443118978, 0.0, 0.6427876096865396, -7.122600432500478], [0.0, 0.0, 0.0, 1.0]]}
{"episode": 4, "step": 20, "state": [1, -50, 0.803225517606325, 0.0, 1.1454322439500104], "index": 80, "collision": 1, "reward": -1, "TCP": [[0.6427876096865395, 0.0, -0.7660444431189782, -0.28029106112037827], [0.0, 1.0, 0.0, 0.0], [0.766044443118978, 0.0, 0.6427876096865396, -7.122600432500478], [0.0, 0.0, 0.0, 1.0]]}
{"episode": 4, "step": 21, "state": [1, -50, 0.803225517606325, 0.0, 1.1454322439500104], "index": 80, "collision": 1, "reward": -1, "TCP": [[0.6427876096865395, 0.0, -0.7660444431189782, -0.28029106112037827], [0.0, 1.0, 0.0, 0.0], [0.766044443118978, 0.0, 0.6427876096865396, -7.122600432500478], [0.0, 0.0, 0.0, 1.0]]}
{"episode": 4, "step": 22, "state": [1, -55, 0.700338004022839, 0.0, 1.2110792450271828], "index": 80, "collision": 1, "reward": -0.5, "TCP": [[0.5735764363510463, 0.0, -0.819152044288992, 0.3415510619787402], [0.0, 1.0, 0.0, 0.0], [0.8191520442889918, 0.0, 0.5735764363510464, -7.119925763100427], [0.0, 0.0, 0.0, 1.0]]}
{"episode": 4, "step": 23, "state": [1, -55, 0.700338004022839, 0.0, 1.2110792450271828], "index": 80, "collision": 1, "reward": -1, "TCP": [[0.5735764363510463, 0.0, -0.819152044288992, 0.3415510619787402], [0.0, 1.0, 0.0, 0.0], [0.8191520442889918, 0.0, 0.5735764363510464, -7.119925763100427], [0.0, 0.0, 0.0, 1.0]]}
{"episode": 4, "step": 24, "state": [1, -55, 0.700338004022839, 0.0, 1.2110792450271828], "index": 80, "collision": 1, "reward": -1, "TCP": [[0.5735764363510463, 0.0, -0.819152044288992, 0.3415510619787402], [0.0, 1.0, 0.0, 0.0], [0.8191520442889918, 0.0, 0.5735764363510464, -7.119925763100427], [0.0, 0.0, 0.0, 1.0]]}
{"episode": 4, "step": 25, "state": [1, -55, 0.700338004022839, 0.0, 1.2110792450271828], "index": 80, "collision": 1, "reward": -1, "TCP": [[0.5735764363510463, 0.0, -0.819152044288992, 0.3415510619787402], [0.0, 1.0, 0.0, 0.0], [0.8191520442889918, 0.0, 0.5735764363510464, -7.119925763100427], [0.0, 0.0, 0.0, 1.0]]}
{"episode": 4, "step": 26, "state": [1, -60, 0.5921204953530905, 0.0, 1.2675092017800564], "index": 80, "collision": 1, "reward": -0.5, "TCP": [[0.5000000000000002, 0.0, -0.8660254037844389, 0.9607937752620308], [0.0, 1.0, 0.0, 0.0], [0.8660254037844387, 0.0, 0.5000000000000002, -7.063064159514462], [0.0, 0.0, 0.0, 1.0]]}
{"episode": 4, "step": 27, "state": [1, -65, 0.4793965921815747, 0.0, 1.3142926481644026], "index": 80, "collision": 1, "reward": -0.5, "TCP": [[0.42261826174069966, 0.0, -0.9063077870366503, 1.572724267772434], [0.0, 1.0, 0.0, 0.0], [0.90630778703665, 0.0, 0.42261826174069966, -6.952448372879849], [0.0, 0.0, 0.0, 1.0]]}
{"episode": 4, "step": 28, "state": [1, -65, 0.4793965921815747, 0.0, 1.3142926481644026], "index": 80, "collision": 1, "reward": -1, "TCP": [[0.42261826174069966, 0.0, -0.9063077870366503, 1.572724267772434], [0.0, 1.0, 0.0, 0.0], [0.90630778703665, 0.0, 0.42261826174069966, -6.952448372879849], [0.0, 0.0, 0.0, 1.0]]}
{"episode": 4, "step": 29, "state": [0, -70, 0.3630241914759804, 0.0, 1.3510735339046192], "index": 80, "collision": 0, "reward": 1, "TCP": [[0.342020143325669, 0.0, -0.9396926207859088, 2.1726853789682123], [0.0, 1.0, 0.0, 0.0], [0.9396926207859085, 0.0, 0.34202014332566893, -6.788920256124515], [0.0, 0.0, 0.0, 1.0]]}
{"episode": 5, "step": 1, "state": [1, 5, 1.285575219373076, 0.0, -1.5320888862379531], "index": 100, "collision": 1, "reward": -0.5, "TCP": [[0.9961946980917455, 0.0, 0.08715574274765817, -7.280836272287979], [0.0, 1.0, 0.0, 0.0], [-0.08715574274765817, 0.0, 0.9961946980917455, -2.323665891675405], [0.0, 0.0, 0.0, 1.0]]}
{"episode": 5, "step": 2, "state": [1, 5, 1.285575219373076, 0.0, -1.5320888862379531], "index": 100, "collision": 1, "reward": -1, "TCP": [[0.9961946980917455, 0.0, 0.08715574274765817, -7.280836272287979], [0.0, 1.0, 0.0, 0.0], [-0.08715574274765817, 0.0, 0.9961946980917455, -2.323665891675405], [0.0, 0.0, 0.0, 1.0]]}
{"episode": 5, "step": 3, "state": [1, 10, 1.1471528727020899, 0.0, -1.6383040885779805], "index": 100, "collision": 1, "reward": -0.5, "TCP": [[0.9848077530122081, 0.0, 0.17364817766693033, -7.455651318813722], [0.0, 1.0, 0.0, 0.0], [-0.17364817766693033, 0.0, 0.9848077530122081, -1.6802569482883176], [0.0, 0.0, 0.0, 1.0]]}
{"episode": 5, "step": 4, "state": [1, 10, 1.1471528727020899, 0.0, -1.6383040885779805], "index": 100, "collision": 1, "reward": -1, "TCP": [[0.9848077530122081, 0.0, 0.17364817766693033, -7.455651318813722], [0.0, 1.0, 0.0, 0.0], [-0.17364817766693033, 0.0, 0.9848077530122081, -1.6802569482883176], [0.0, 0.0, 0.0, 1.0]]}
{"episode": 5, "step": 5, "state": [1, 10, 1.1471528727020899, 0.0, -1.6383040885779805], "index": 100, "collision": 1, "reward": -1, "TCP": [[0.9848077530122081, 0.0, 0.17364817766693033, -7.455651318813722], [0.0, 1.0, 0.0, 0.0], [-0.17364817766693033, 0.0, 0.9848077530122081, -1.6802569482883176], [0.0, 0.0, 0.0, 1.0]]}
{"episode": 5, "step": 6, "state": [1, 10, 1.1471528727020899, 0.0, -1.6383040885779805], "index": 100, "collision": 1, "reward": -1, "TCP": [[0.9848077530122081, 0.0, 0.17364817766693033, -7.455651318813722], [0.0, 1.0, 0.0, 0.0], [-0.17364817766693033, 0.0, 0.9848077530122081, -1.6802569482883176], [0.0, 0.0, 0.0, 1.0]]}
{"episode": 5, "step": 7, "state": [1, 10, 1.1471528727020899, 0.0, -1.6383040885779805], "index": 100, "collision": 1, "reward": -1, "TCP": [[0.9848077530122081, 0.0, 0.17364817766693033, -7.455651318813722], [0.0, 1.0, 0.0, 0.0], [-0.17364817766693033, 0.0, 0.9848077530122081, -1.6802569482883176], [0.0, 0.0, 0.0, 1.0]]}
{"episode": 5, "step": 8, "state": [1, 10, 1.1471528727020899, 0.0, -1.6383040885779805], "index": 100, "collision": 1, "reward": -1, "TCP": [[0.9848077530122081, 0.0, 0.17364817766693033, -7.455651318813722], [0.0, 1.0, 0.0, 0.0], [-0.17364817766693033, 0.0, 0.9848077530122081, -1.6802569482883176], [0.0, 0.0, 0.0, 1.0]]}
{"episode": 5, "step": 9, "state": [1, 10, 1.1471528727020899, 0.0, -1.6383040885779805], "index": 100, "collision": 1, "reward": -1, "TCP": [[0.9848077530122081, 0.0, 0.17364817766693033, -7.455651318813722], [0.0, 1.0, 0.0, 0.0], [-0.17364817766693033, 0.0, 0.9848077530122081, -1.6802569482883176], [0.0, 0.0, 0.0, 1.0]]}
{"episode": 5, "step": 10, "state": [1, 10, 1.1471528727020899, 0.0, -1.6383040885779805], "index": 100, "collision": 1, "reward": -1, "TCP": [[0.9848077530122081, 0.0, 0.17364817766693033, -7.455651318813722], [0.0, 1.0, 0.0, 0.0], [-0.17364817766693033, 0.0, 0.9848077530122081, -1.6802569482883176], [0.0, 0.0, 0.0, 1.0]]}
{"episode": 5, "step": 11, "state": [1, 10, 1.1471528727020899, 0.0, -1.6383040885779805], "index": 100, "collision": 1, "reward": -1, "TCP": [[0.9848077530122081, 0.0, 0.17364817766693033, -7.455651318813722], [0.0, 1.0, 0.0, 0.0], [-0.17364817766693033, 0.0, 0.9848077530122081, -1.6802569482883176], [0.0, 0.0, 0.0, 1.0]]}
{"episode": 5, "step": 12, "state": [1, 10, 1.1471528727020899, 0.0, -1.6383040885779805], "index": 100, "collision": 1, "reward": -1, "TCP": [[0.9848077530122081, 0.0, 0.17364817766693033, -7.455651318813722], [0.0, 1.0, 0.0, 0.0], [-0.17364817766693033, 0.0, 0.9848077530122081, -1.6802569482883176], [0.0, 0.0, 0.0, 1.0]]}
{"episode": 5, "step": 13, "state": [1, 10, 1.1471528727020899, 0.0, -1.6383040885779805], "index": 100, "collision": 1, "reward": -1, "TCP": [[0.9848077530122081, 0.0, 0.17364817766693033, -7.455651318813722], [0.0, 1.0, 0.0, 0.0], [-0.17364817766693033, 0.0, 0.9848077530122081, -1.6802569482883176], [0.0, 0.0, 0.0, 1.0]]}
{"episode": 5, "step": 14, "state": [1, 10, 1.1471528727020899, 0.0, -1.6383040885779805], "index": 100, "collision": 1, "reward": -1, "TCP": [[0.9848077530122081, 0.0, 0.17364817766693033, -7.455651318813722], [0.0, 1.0, 0.0, 0.0], [-0.17364817766693033, 0.0, 0.9848077530122081, -1.6802569482883176], [0.0, 0.0, 0.0, 1.0]]}
{"episode": 5, "step": 15, "state": [1, 10, 1.1471528727020899, 0.0, -1.6383040885779805], "index": 100, "collision": 1, "reward": -1, "TCP": [[0.9848077530122081, 0.0, 0.17364817766693033, -7.455651318813722], [0.0, 1.0, 0.0, 0.0], [-0.17364817766693033, 0.0, 0.9848077530122081, -1.6802569482883176], [0.0, 0.0, 0.0, 1.0]]}
{"episode": 5, "step": 16, "state": [1, 10, 1.1471528727020899, 0.0, -1.6383040885779805], "index": 100, "collision": 1, "reward": -1, "TCP": [[0.9848077530122081, 0.0, 0.17364817766693033, -7.455651318813722], [0.0, 1.0, 0.0, 0.0], [-0.17364817766693033, 0.0, 0.9848077530122081, -1.6802569482883176], [0.0, 0.0, 0.0, 1.0]]}
{"episode": 5, "step": 17, "state": [1, 10, 1.1471528727020899, 0.0, -1.6383040885779805], "index": 100, "collision": 1, "reward": -1, "TCP": [[0.9848077530122081, 0.0, 0.17364817766693033, -7.455651318813722], [0.0, 1.0, 0.0, 0.0], [-0.17364817766693033, 0.0, 0.9848077530122081, -1.6802569482883176], [0.0, 0.0, 0.0, 1.0]]}
{"episode": 5, "step": 18, "state": [1, 10, 1.1471528727020899, 0.0, -1.6383040885779805], "index": 100, "collision": 1, "reward": -1, "TCP": [[0.9848077530122081, 0.0, 0.17364817766693033, -7.455651318813722], [0.0, 1.0, 0.0, 0.0], [-0.17364817766693033, 0.0, 0.9848077530122081, -1.6802569482883176], [0.0, 0.0, 0.0, 1.0]]}
{"episode": 5, "step": 19, "state": [1, 10, 1.1471528727020899, 0.0, -1.6383040885779805], "index": 100, "collision": 1, "reward": -1, "TCP": [[0.9848077530122081, 0.0, 0.17364817766693033, -7.455651318813722], [0.0, 1.0, 0.0, 0.0], [-0.17364817766693033, 0.0, 0.9848077530122081, -1.6802569482883176], [0.0, 0.0, 0.0, 1.0]]}
{"episode": 5, "step": 20, "state": [1, 10, 1.1471528727020899, 0.0, -1.6383040885779805], "index": 100, "collision": 1, "reward": -1, "TCP": [[0.9848077530122081, 0.0, 0.17364817766693033, -7.455651318813722], [0.0, 1.0, 0.0, 0.0], [-0.17364817766693033, 0.0, 0.9848077530122081, -1.6802569482883176], [0.0, 0.0, 0.0, 1.0]]}
{"episode": 5, "step": 21, "state": [1, 10, 1.1471528727020899, 0.0, -1.6383040885779805], "index": 100, "collision": 1, "reward": -1, "TCP": [[0.9848077530122081, 0.0, 0.17364817766693033, -7.455651318813722], [0.0, 1.0, 0.0, 0.0], [-0.17364817766693033, 0.0, 0.9848077530122081, -1.6802569482883176], [0.0, 0.0, 0.0, 1.0]]}
{"episode": 5, "step": 22, "state": [1, 10, 1.1471528727020899, 0.0, -1.6383040885779805], "index": 100, "collision": 1, "reward": -1, "TCP": [[0.9848077530122081, 0.0, 0.17364817766693033, -7.455651318813722], [0.0, 1.0, 0.0, 0.0], [-0.17364817766693033, 0.0, 0.9848077530122081, -1.6802569482883176], [0.0, 0.0, 0.0, 1.0]]}
{"episode": 5, "step": 23, "state": [1, 10, 1.1471528727020899, 0.0, -1.6383040885779805], "index": 100, "collision": 1, "reward": -1, "TCP": [[0.9848077530122081, 0.0, 0.17364817766693033, -7.455651318813722], [0.0, 1.0, 0.0, 0.0], [-0.17364817766693033, 0.0, 0.9848077530122081, -1.6802569482883176], [0.0, 0.0, 0.0, 1.0]]}
{"episode": 5, "step": 24, "state": [1, 10, 1.1471528727020899, 0.0, -1.6383040885779805], "index": 100, "collision": 1, "reward": -1, "TCP": [[0.9848077530122081, 0.0, 0.17364817766693033, -7.455651318813722], [0.0, 1.0, 0.0, 0.0], [-0.17364817766693033, 0.0, 0.9848077530122081, -1.6802569482883176], [0.0, 0.0, 0.0, 1.0]]}
{"episode": 5, "step": 25, "state": [1, 10, 1.1471528727020899, 0.0, -1.6383040885779805], "index": 100, "collision": 1, "reward": -1, "TCP": [[0.9848077530122081, 0.0, 0.17364817766693033, -7.455651318813722], [0.0, 1.0, 0.0, 0.0], [-0.17364817766693033, 0.0, 0.9848077530122081, -1.6802569482883176], [0.0, 0.0, 0.0, 1.0]]}
{"episode": 5, "step": 26, "state": [1, 10, 1.1471528727020899, 0.0, -1.6383040885779805], "index": 100, "collision": 1, "reward": -1, "TCP": [[0.9848077530122081, 0.0, 0.17364817766693033, -7.455651318813722], [0.0, 1.0, 0.0, 0.0], [-0.17364817766693033, 0.0, 0.9848077530122081, -1.6802569482883176], [0.0, 0.0, 0.0, 1.0]]}
{"episode": 5, "step": 27, "state": [1, 10, 1.1471528727020899, 0.0, -1.6383040885779805], "index": 100, "collision": 1, "reward": -1, "TCP": [[0.9848077530122081, 0.0, 0.17364817766693033, -7.455651318813722], [0.0, 1.0, 0.0, 0.0], [-0.17364817766693033, 0.0, 0.9848077530122081, -1.6802569482883176], [0.0, 0.0, 0.0, 1.0]]}
{"episode": 5, "step": 28, "state": [1, 10, 1.1471528727020899, 0.0, -1.6383040885779805], "index": 100, "collision": 1, "reward": -1, "TCP": [[0.9848077530122081, 0.0, 0.17364817766693033, -7.455651318813722], [0.0, 1.0, 0.0, 0.0], [-0.17364817766693033, 0.0, 0.9848077530122081, -1.6802569482883176], [0.0, 0.0, 0.0, 1.0]]}
{"episode": 5, "step": 29, "state": [1, 5, 1.285575219373076, 0.0, -1.5320888862379531], "index": 100, "collision": 1, "reward": -0.5, "TCP": [[0.9961946980917457, 0.0, 0.08715574274765815, -7.280836272287979], [0.0, 1.0, 0.0, 0.0], [-0.08715574274765817, 0.0, 0.9961946980917457, -2.323665891675405], [0.0, 0.0, 0.0, 1.0]]}
{"episode": 5, "step": 30, "state": [1, 0, 1.4142135623730923, 0.0, -1.4142135623730925], "index": 100, "collision": 1, "reward": -0.5, "TCP": [[1.0000000000000002, 0.0, -2.5852233662413678e-17, -7.050609665440984], [0.0, 1.0, 0.0, 0.0], [1.1579573185890945e-17, 0.0, 1.0000000000000002, -2.9493903345590167], [0.0, 0.0, 0.0, 1.0]]}
{"episode": 5, "step": 31, "state": [1, -5, 1.532088886237953, 0.0, -1.2855752193730763], "index": 100, "collision": 1, "reward": -0.5, "TCP": [[0.9961946980917458, 0.0, -0.08715574274765821, -6.766723661765469], [0.0, 1.0, 0.0, 0.0], [0.0871557427476582, 0.0, 0.9961946980917458, -3.5526681361060586], [0.0, 0.0, 0.0, 1.0]]}
{"episode": 5, "step": 32, "state": [1, -10, 1.6383040885779803, 0.0, -1.14715287270209], "index": 100, "collision": 1, "reward": -0.5, "TCP": [[0.9848077530122084, 0.0, -0.1736481776669304, -6.43133880516446], [0.0, 1.0, 0.0, 0.0], [0.1736481776669304, 0.0, 0.9848077530122084, -4.128907987977662], [0.0, 0.0, 0.0, 1.0]]}
{"episode": 5, "step": 33, "state": [1, -15, 1.7320508075688739, 0.0, -0.9999999999999982], "index": 100, "collision": 1, "reward": -0.5, "TCP": [[0.9659258262890685, 0.0, -0.2588190451025208, -6.047007576907604], [0.0, 1.0, 0.0, 0.0], [0.2588190451025208, 0.0, 0.9659258262890686, -4.6737243569579485], [0.0, 0.0, 0.0, 1.0]]}
{"episode": 5, "step": 34, "state": [1, -20, 1.8126155740732963, 0.0, -0.8452365234813974], "index": 100, "collision": 1, "reward": -0.5, "TCP": [[0.9396926207859086, 0.0, -0.3420201433256688, -5.6166549697074775], [0.0, 1.0, 0.0, 0.0], [0.34202014332566877, 0.0, 0.9396926207859088, -5.18297086150986], [0.0, 0.0, 0.0, 1.0]]}
{"episode": 5, "step": 35, "state": [1, -25, 1.879385241571813, 0.0, -0.6840402866513364], "index": 100, "collision": 1, "reward": -0.5, "TCP": [[0.9063077870366503, 0.0, -0.42261826174069955, -5.143556226758881], [0.0, 1.0, 0.0, 0.0], [0.4226182617406995, 0.0, 0.9063077870366504, -5.65277182824231], [0.0, 0.0, 0.0, 1.0]]}
{"episode": 5, "step": 36, "state": [1, -20, 1.8126155740732965, 0.0, -0.8452365234813976], "index": 100, "collision": 1, "reward": -0.5, "TCP": [[0.9396926207859088, 0.0, -0.3420201433256688, -5.616654969707478], [0.0, 1.0, 0.0, 0.0], [0.34202014332566877, 0.0, 0.9396926207859089, -5.18297086150986], [0.0, 0.0, 0.0, 1.0]]}
{"episode": 5, "step": 37, "state": [1, -25, 1.8793852415718133, 0.0, -0.6840402866513364], "index": 100, "collision": 1, "reward": -0.5, "TCP": [[0.9063077870366503, 0.0, -0.42261826174069955, -5.143556226758882], [0.0, 1.0, 0.0, 0.0], [0.4226182617406995, 0.0, 0.9063077870366505, -5.652771828242311], [0.0, 0.0, 0.0, 1.0]]}
{"episode": 5, "step": 38, "state": [1, -30, 1.931851652578133, 0.0, -0.5176380902050408], "index": 100, "collision": 1, "reward": -0.5, "TCP": [[0.8660254037844389, 0.0, -0.5000000000000002, -4.631311915160486], [0.0, 1.0, 0.0, 0.0], [0.5000000000000001, 0.0, 0.8660254037844392, -6.079551788124886], [0.0, 0.0, 0.0, 1.0]]}
{"episode": 5, "step": 39, "state": [1, -35, 1.9696155060244127, 0.0, -0.34729635533386033], "index": 100, "collision": 1, "reward": -0.5, "TCP": [[0.8191520442889921, 0.0, -0.5735764363510464, -4.083820523425127], [0.0, 1.0, 0.0, 0.0], [0.5735764363510463, 0.0, 0.8191520442889922, -6.460062687966094], [0.0, 0.0, 0.0, 1.0]]}
{"episode": 5, "step": 40, "state": [1, -40, 1.9923893961834875, 0.0, -0.1743114854953163], "index": 100, "collision": 1, "reward": -0.5, "TCP": [[0.7660444431189783, 0.0, -0.6427876096865397, -3.5052487916282504], [0.0, 1.0, 0.0, 0.0], [0.6427876096865395, 0.0, 0.7660444431189785, -6.7914086100593805], [0.0, 0.0, 0.0, 1.0]]}
{"episode": 5, "step": 41, "state": [1, -45, 1.9999999999999964, 0.0, -2.82257803744991e-16], "index": 100, "collision": 1, "reward": -0.5, "TCP": [[0.7071067811865479, 0.0, -0.7071067811865479, -2.8999999999999946], [0.0, 1.0, 0.0, 0.0], [0.7071067811865477, 0.0, 0.7071067811865479, -7.071067811865477], [0.0, 0.0, 0.0, 1.0]]}
{"episode": 5, "step": 42, "state": [1, -50, 1.9923893961834875, 0.0, 0.17431148549531575], "index": 100, "collision": 1, "reward": -0.5, "TCP": [[0.6427876096865397, 0.0, -0.7660444431189785, -2.272680457303863], [0.0, 1.0, 0.0, 0.0], [0.7660444431189782, 0.0, 0.6427876096865397, -7.296911917995797], [0.0, 0.0, 0.0, 1.0]]}
{"episode": 5, "step": 43, "state": [1, -55, 1.9696155060244127, 0.0, 0.3472963553338598], "index": 100, "collision": 1, "reward": -0.5, "TCP": [[0.5735764363510465, 0.0, -0.8191520442889922, -1.6280644440456693], [0.0, 1.0, 0.0, 0.0], [0.819152044288992, 0.0, 0.5735764363510465, -7.467222118434289], [0.0, 0.0, 0.0, 1.0]]}
{"episode": 5, "step": 44, "state": [1, -60, 1.9318516525781333, 0.0, 0.5176380902050403], "index": 100, "collision": 1, "reward": -0.5, "TCP": [[0.5000000000000004, 0.0, -0.8660254037844392, -0.971057877316099], [0.0, 1.0, 0.0, 0.0], [0.8660254037844389, 0.0, 0.5000000000000003, -7.580702249719504], [0.0, 0.0, 0.0, 1.0]]}
{"episode": 5, "step": 45, "state": [1, -65, 1.8793852415718137, 0.0, 0.6840402866513359], "index": 100, "collision": 1, "reward": -0.5, "TCP": [[0.4226182617406999, 0.0, -0.9063077870366505, -0.30666097379937596], [0.0, 1.0, 0.0, 0.0], [0.9063077870366503, 0.0, 0.4226182617406997, -7.636488659531186], [0.0, 0.0, 0.0, 1.0]]}
{"episode": 5, "step": 46, "state": [0, -70, 1.8126155740732972, 0.0, 0.845236523481397], "index": 100, "collision": 0, "reward": 1, "TCP": [[0.34202014332566916, 0.0, -0.939692620785909, 0.360069804894919], [0.0, 1.0, 0.0, 0.0], [0.9396926207859088, 0.0, 0.342020143325669, -7.634156779605913], [0.0, 0.0, 0.0, 1.0]]}
{"episode": 6, "step": 1, "state": [1, 0, 1.4142135623730923, 0.0, -1.4142135623730938], "index": 120, "collision": 1, "reward": -1, "TCP": [[1.0, 0.0, 0.0, -8.464823227814076], [0.0, 1.0, 0.0, 0.0], [0.0, 0.0, 1.0, -1.5351767721859224], [0.0, 0.0, 0.0, 1.0]]}
{"episode": 6, "step": 2, "state": [1, 5, 1.2855752193730758, 0.0, -1.5320888862379547], "index": 120, "collision": 1, "reward": -0.5, "TCP": [[0.9961946980917455, 0.0, 0.08715574274765817, -8.566411491661054], [0.0, 1.0, 0.0, 0.0], [-0.08715574274765817, 0.0, 0.9961946980917455, -0.7915770054374504], [0.0, 0.0, 0.0, 1.0]]}
{"episode": 6, "step": 3, "state": [1, 5, 1.2855752193730758, 0.0, -1.5320888862379547], "index": 120, "collision": 1, "reward": -1, "TCP": [[0.9961946980917455, 0.0, 0.08715574274765817, -8.566411491661054], [0.0, 1.0, 0.0, 0.0], [-0.08715574274765817, 0.0, 0.9961946980917455, -0.7915770054374504], [0.0, 0.0, 0.0, 1.0]]}
{"episode": 6, "step": 4, "state": [1, 5, 1.2855752193730758, 0.0, -1.5320888862379547], "index": 120, "collision": 1, "reward": -1, "TCP": [[0.9961946980917455, 0.0, 0.08715574274765817, -8.566411491661054], [0.0, 1.0, 0.0, 0.0], [-0.08715574274765817, 0.0, 0.9961946980917455, -0.7915770054374504], [0.0, 0.0, 0.0, 1.0]]}
{"episode": 6, "step": 5, "state": [1, 0, 1.414213562373092, 0.0, -1.414213562373094], "index": 120, "collision": 1, "reward": -0.5, "TCP": [[1.0, 0.0, -2.2982146219235116e-18, -8.464823227814074], [0.0, 1.0, 0.0, 0.0], [-2.2982146219235116e-18, 0.0, 1.0, -1.5351767721859222], [0.0, 0.0, 0.0, 1.0]]}
{"episode": 6, "step": 6, "state": [1, 0, 1.414213562373092, 0.0, -1.414213562373094], "index": 120, "collision": 1, "reward": -1, "TCP": [[1.0, 0.0, -2.2982146219235116e-18, -8.464823227814074], [0.0, 1.0, 0.0, 0.0], [-2.2982146219235116e-18, 0.0, 1.0, -1.5351767721859222], [0.0, 0.0, 0.0, 1.0]]}
{"episode": 6, "step": 7, "state": [1, -5, 1.5320888862379531, 0.0, -1.2855752193730778], "index": 120, "collision": 1, "reward": -0.5, "TCP": [[0.9961946980917455, 0.0, -0.08715574274765817, -8.29881254800342], [0.0, 1.0, 0.0, 0.0], [0.08715574274765817, 0.0, 0.9961946980917455, -2.26709291673298], [0.0, 0.0, 0.0, 1.0]]}
{"episode": 6, "step": 8, "state": [1, -10, 1.6383040885779807, 0.0, -1.1471528727020917], "index": 120, "collision": 1, "reward": -0.5, "TCP": [[0.9848077530122081, 0.0, -0.17364817766693033, -8.069642893742438], [0.0, 1.0, 0.0, 0.0], [0.17364817766693033, 0.0, 0.9848077530122081, -2.9817551152755692], [0.0, 0.0, 0.0, 1.0]]}
{"episode": 6, "step": 9, "state": [1, -10, 1.6383040885779807, 0.0, -1.1471528727020917], "index": 120, "collision": 1, "reward": -1, "TCP": [[0.9848077530122081, 0.0, -0.17364817766693033, -8.069642893742438], [0.0, 1.0, 0.0, 0.0], [0.17364817766693033, 0.0, 0.9848077530122081, -2.9817551152755692], [0.0, 0.0, 0.0, 1.0]]}
{"episode": 6, "step": 10, "state": [1, -15, 1.7320508075688743, 0.0, -0.9999999999999998], "index": 120, "collision": 1, "reward": -0.5, "TCP": [[0.9659258262890683, 0.0, -0.25881904510252074, -7.779058384476477], [0.0, 1.0, 0.0, 0.0], [0.25881904510252074, 0.0, 0.9659258262890684, -3.6737243569579476], [0.0, 0.0, 0.0, 1.0]]}
{"episode": 6, "step": 11, "state": [1, -20, 1.812615574073297, 0.0, -0.845236523481399], "index": 120, "collision": 1, "reward": -0.5, "TCP": [[0.9396926207859084, 0.0, -0.3420201433256687, -7.429270543780773], [0.0, 1.0, 0.0, 0.0], [0.3420201433256687, 0.0, 0.9396926207859085, -4.33773433802846], [0.0, 0.0, 0.0, 1.0]]}
{"episode": 6, "step": 12, "state": [1, -15, 1.7320508075688743, 0.0, -0.9999999999999999], "index": 120, "collision": 1, "reward": -0.5, "TCP": [[0.9659258262890684, 0.0, -0.25881904510252074, -7.779058384476477], [0.0, 1.0, 0.0, 0.0], [0.25881904510252074, 0.0, 0.9659258262890684, -3.6737243569579476], [0.0, 0.0, 0.0, 1.0]]}
{"episode": 6, "step": 13, "state": [1, -20, 1.812615574073297, 0.0, -0.8452365234813991], "index": 120, "collision": 1, "reward": -0.5, "TCP": [[0.9396926207859085, 0.0, -0.3420201433256687, -7.429270543780773], [0.0, 1.0, 0.0, 0.0], [0.3420201433256687, 0.0, 0.9396926207859085, -4.33773433802846], [0.0, 0.0, 0.0, 1.0]]}
{"episode": 6, "step": 14, "state": [1, -25, 1.879385241571814, 0.0, -0.684040286651338], "index": 120, "collision": 1, "reward": -0.5, "TCP": [[0.9063077870366502, 0.0, -0.4226182617406994, -7.022941468330694], [0.0, 1.0, 0.0, 0.0], [0.42261826174069944, 0.0, 0.9063077870366502, -4.968731541590971], [0.0, 0.0, 0.0, 1.0]]}
{"episode": 6, "step": 15, "state": [1, -30, 1.931851652578134, 0.0, -0.5176380902050423], "index": 120, "collision": 1, "reward": -0.5, "TCP": [[0.8660254037844388, 0.0, -0.5, -6.563163567738617], [0.0, 1.0, 0.0, 0.0], [0.5, 0.0, 0.8660254037844388, -5.561913697919842], [0.0, 0.0, 0.0, 1.0]]}
{"episode": 6, "step": 16, "state": [1, -35, 1.9696155060244136, 0.0, -0.34729635533386166], "index": 120, "collision": 1, "reward": -0.5, "TCP": [[0.819152044288992, 0.0, -0.5735764363510462, -6.0534360294495375], [0.0, 1.0, 0.0, 0.0], [0.5735764363510462, 0.0, 0.819152044288992, -6.11276633263223], [0.0, 0.0, 0.0, 1.0]]}
{"episode": 6, "step": 17, "state": [1, -40, 1.9923893961834886, 0.0, -0.17431148549531755], "index": 120, "collision": 1, "reward": -0.5, "TCP": [[0.7660444431189782, 0.0, -0.6427876096865394, -5.497638187811737], [0.0, 1.0, 0.0, 0.0], [0.6427876096865394, 0.0, 0.7660444431189782, -6.61709712456406], [0.0, 0.0, 0.0, 1.0]]}
{"episode": 6, "step": 18, "state": [1, -45, 1.9999999999999978, 0.0, -1.4432391540829369e-15], "index": 120, "collision": 1, "reward": -0.5, "TCP": [[0.7071067811865478, 0.0, -0.7071067811865476, -4.899999999999991], [0.0, 1.0, 0.0, 0.0], [0.7071067811865476, 0.0, 0.7071067811865477, -7.071067811865472], [0.0, 0.0, 0.0, 1.0]]}
{"episode": 6, "step": 19, "state": [1, -50, 1.992389396183489, 0.0, 0.1743114854953147], "index": 120, "collision": 1, "reward": -0.5, "TCP": [[0.6427876096865396, 0.0, -0.766044443118978, -4.265069853487351], [0.0, 1.0, 0.0, 0.0], [0.7660444431189781, 0.0, 0.6427876096865395, -7.471223403491107], [0.0, 0.0, 0.0, 1.0]]}
{"episode": 6, "step": 20, "state": [1, -55, 1.9696155060244143, 0.0, 0.3472963553338589], "index": 120, "collision": 1, "reward": -0.5, "TCP": [[0.5735764363510464, 0.0, -0.8191520442889918, -3.597679950070083], [0.0, 1.0, 0.0, 0.0], [0.8191520442889919, 0.0, 0.5735764363510463, -7.814518473768143], [0.0, 0.0, 0.0, 1.0]]}
{"episode": 6, "step": 21, "state": [1, -60, 1.9318516525781348, 0.0, 0.5176380902050396], "index": 120, "collision": 1, "reward": -0.5, "TCP": [[0.5000000000000003, 0.0, -0.8660254037844387, -2.902909529894234], [0.0, 1.0, 0.0, 0.0], [0.8660254037844388, 0.0, 0.5000000000000002, -8.098340339924539], [0.0, 0.0, 0.0, 1.0]]}
{"episode": 6, "step": 22, "state": [1, -65, 1.8793852415718153, 0.0, 0.6840402866513354], "index": 120, "collision": 1, "reward": -0.5, "TCP": [[0.4226182617406998, 0.0, -0.90630778703665, -2.1860462153711917], [0.0, 1.0, 0.0, 0.0], [0.9063077870366502, 0.0, 0.42261826174069966, -8.320528946182517], [0.0, 0.0, 0.0, 1.0]]}
{"episode": 6, "step": 23, "state": [0, -70, 1.8126155740732988, 0.0, 0.8452365234813967], "index": 120, "collision": 0, "reward": 1, "TCP": [[0.34202014332566905, 0.0, -0.9396926207859085, -1.4525457691783807], [0.0, 1.0, 0.0, 0.0], [0.9396926207859086, 0.0, 0.342020143325669, -8.479393303087305], [0.0, 0.0, 0.0, 1.0]]}
{"episode": 7, "step": 1, "state": [1, 0, 1.4142135623730923, 0.0, -1.4142135623730954], "index": 140, "collision": 1, "reward": -1, "TCP": [[1.0, 0.0, 0.0, -9.879036790187168], [0.0, 1.0, 0.0, 0.0], [0.0, 0.0, 1.0, -0.1209632098128271], [0.0, 0.0, 0.0, 1.0]]}
{"episode": 7, "step": 2, "state": [1, 5, 1.2855752193730758, 0.0, -1.5320888862379562], "index": 140, "collision": 1, "reward": -0.5, "TCP": [[0.9961946980917455, 0.0, 0.08715574274765817, -9.851986711034131], [0.0, 1.0, 0.0, 0.0], [-0.08715574274765817, 0.0, 0.9961946980917455, 0.7405118808005057], [0.0, 0.0, 0.0, 1.0]]}
{"episode": 7, "step": 3, "state": [1, 0, 1.4142135623730923, 0.0, -1.4142135623730956], "index": 140, "collision": 1, "reward": -0.5, "TCP": [[1.0, 0.0, -2.2982146219235116e-18, -9.879036790187168], [0.0, 1.0, 0.0, 0.0], [-2.2982146219235116e-18, 0.0, 1.0, -0.12096320981282727], [0.0, 0.0, 0.0, 1.0]]}
{"episode": 7, "step": 4, "state": [1, 0, 1.4142135623730923, 0.0, -1.4142135623730956], "index": 140, "collision": 1, "reward": -1, "TCP": [[1.0, 0.0, -2.2982146219235116e-18, -9.879036790187168], [0.0, 1.0, 0.0, 0.0], [-2.2982146219235116e-18, 0.0, 1.0, -0.12096320981282727], [0.0, 0.0, 0.0, 1.0]]}
{"episode": 7, "step": 5, "state": [1, -5, 1.5320888862379531, 0.0, -1.2855752193730794], "index": 140, "collision": 1, "reward": -0.5, "TCP": [[0.9961946980917455, 0.0, -0.08715574274765817, -9.830901434241374], [0.0, 1.0, 0.0, 0.0], [0.08715574274765817, 0.0, 0.9961946980917455, -0.9815176973599014], [0.0, 0.0, 0.0, 1.0]]}
{"episode": 7, "step": 6, "state": [1, -10, 1.6383040885779807, 0.0, -1.1471528727020932], "index": 140, "collision": 1, "reward": -0.5, "TCP": [[0.9848077530122081, 0.0, -0.17364817766693033, -9.70794698232042], [0.0, 1.0, 0.0, 0.0], [0.17364817766693033, 0.0, 0.9848077530122081, -1.8346022425734771], [0.0, 0.0, 0.0, 1.0]]}
{"episode": 7, "step": 7, "state": [1, -15, 1.7320508075688745, 0.0, -1.0000000000000013], "index": 140, "collision": 1, "reward": -0.5, "TCP": [[0.9659258262890683, 0.0, -0.25881904510252074, -9.511109192045351], [0.0, 1.0, 0.0, 0.0], [0.25881904510252074, 0.0, 0.9659258262890684, -2.673724356957947], [0.0, 0.0, 0.0, 1.0]]}
{"episode": 7, "step": 8, "state": [1, -20, 1.8126155740732974, 0.0, -0.8452365234814004], "index": 140, "collision": 1, "reward": -0.5, "TCP": [[0.9396926207859084, 0.0, -0.3420201433256687, -9.24188611785407], [0.0, 1.0, 0.0, 0.0], [0.3420201433256687, 0.0, 0.9396926207859085, -3.49249781454706], [0.0, 0.0, 0.0, 1.0]]}
{"episode": 7, "step": 9, "state": [1, -25, 1.8793852415718144, 0.0, -0.6840402866513393], "index": 140, "collision": 1, "reward": -0.5, "TCP": [[0.90630778703665, 0.0, -0.4226182617406994, -8.902326709902509], [0.0, 1.0, 0.0, 0.0], [0.42261826174069944, 0.0, 0.9063077870366502, -4.2846912549396325], [0.0, 0.0, 0.0, 1.0]]}
{"episode": 7, "step": 10, "state": [1, -30, 1.9318516525781344, 0.0, -0.5176380902050436], "index": 140, "collision": 1, "reward": -0.5, "TCP": [[0.8660254037844387, 0.0, -0.5, -8.495015220316754], [0.0, 1.0, 0.0, 0.0], [0.5, 0.0, 0.8660254037844388, -5.044275607714799], [0.0, 0.0, 0.0, 1.0]]}
{"episode": 7, "step": 11, "state": [1, -35, 1.9696155060244143, 0.0, -0.34729635533386294], "index": 140, "collision": 1, "reward": -0.5, "TCP": [[0.8191520442889919, 0.0, -0.5735764363510462, -8.023051535473954], [0.0, 1.0, 0.0, 0.0], [0.573576436351046, 0.0, 0.819152044288992, -5.765469977298368], [0.0, 0.0, 0.0, 1.0]]}
{"episode": 7, "step": 12, "state": [1, -40, 1.9923893961834893, 0.0, -0.17431148549531877], "index": 140, "collision": 1, "reward": -0.5, "TCP": [[0.7660444431189781, 0.0, -0.6427876096865394, -7.490027583995228], [0.0, 1.0, 0.0, 0.0], [0.6427876096865393, 0.0, 0.7660444431189782, -6.442785639068743], [0.0, 0.0, 0.0, 1.0]]}
{"episode": 7, "step": 13, "state": [1, -45, 1.9999999999999984, 0.0, -2.576570547150109e-15], "index": 140, "collision": 1, "reward": -0.5, "TCP": [[0.7071067811865477, 0.0, -0.7071067811865476, -6.89999999999999], [0.0, 1.0, 0.0, 0.0], [0.7071067811865475, 0.0, 0.7071067811865477, -7.071067811865472], [0.0, 0.0, 0.0, 1.0]]}
{"episode": 7, "step": 14, "state": [1, -50, 1.9923893961834898, 0.0, 0.17431148549531364], "index": 140, "collision": 1, "reward": -0.5, "TCP": [[0.6427876096865395, 0.0, -0.766044443118978, -6.257459249670841], [0.0, 1.0, 0.0, 0.0], [0.766044443118978, 0.0, 0.6427876096865395, -7.645534888986424], [0.0, 0.0, 0.0, 1.0]]}
{"episode": 7, "step": 15, "state": [1, -55, 1.9696155060244152, 0.0, 0.3472963553338579], "index": 140, "collision": 1, "reward": -0.5, "TCP": [[0.5735764363510463, 0.0, -0.8191520442889918, -5.567295456094499], [0.0, 1.0, 0.0, 0.0], [0.8191520442889918, 0.0, 0.5735764363510463, -8.161814829102003], [0.0, 0.0, 0.0, 1.0]]}
{"episode": 7, "step": 16, "state": [1, -60, 1.931851652578136, 0.0, 0.5176380902050386], "index": 140, "collision": 1, "reward": -0.5, "TCP": [[0.5000000000000002, 0.0, -0.8660254037844387, -4.83476118247237], [0.0, 1.0, 0.0, 0.0], [0.8660254037844387, 0.0, 0.5000000000000002, -8.61597843012958], [0.0, 0.0, 0.0, 1.0]]}
{"episode": 7, "step": 17, "state": [0, -65, 1.8793852415718164, 0.0, 0.6840402866513345], "index": 140, "collision": 0, "reward": 1, "TCP": [[0.42261826174069966, 0.0, -0.90630778703665, -4.065431456943008], [0.0, 1.0, 0.0, 0.0], [0.90630778703665, 0.0, 0.42261826174069966, -9.004569232833855], [0.0, 0.0, 0.0, 1.0]]}
{"episode": 0, "step": 1, "state": [0, -5, 0, 0, 0], "index": 0, "collision": 0, "reward": 1, "TCP": [[0.9961946980917455, 0.0, -0.08715574274765817, 0.0], [0.0, 1.0, 0.0, 0.0], [0.08715574274765817, 0.0, 0.9961946980917455, 0.0], [0.0, 0.0, 0.0, 1.0]]}
{"episode": 1, "step": 1, "state": [0, -5, 1.2855752193730787, 0.0, 1.5320888862379562], "index": 20, "collision": 0, "reward": 1, "TCP": [[0.9961946980917455, 0.0, -0.08715574274765817, -1.2855752193730787], [0.0, 1.0, 0.0, 0.0], [0.08715574274765817, 0.0, 0.9961946980917455, -1.532088886237956], [0.0, 0.0, 0.0, 1.0]]}
{"episode": 2, "step": 1, "state": [0, -5, 1.2855752193730778, 0.0, 1.5320888862379551], "index": 40, "collision": 0, "reward": 1, "TCP": [[0.9961946980917455, 0.0, -0.08715574274765817, -2.5711504387461566], [0.0, 1.0, 0.0, 0.0], [0.08715574274765817, 0.0, 0.9961946980917455, -3.064177772475911], [0.0, 0.0, 0.0, 1.0]]}
{"episode": 3, "step": 1, "state": [0, -5, 1.2855752193730765, 0.0, 1.5320888862379536], "index": 60, "collision": 0, "reward": 1, "TCP": [[0.9961946980917455, 0.0, -0.08715574274765817, -3.8567256581192333], [0.0, 1.0, 0.0, 0.0], [0.08715574274765817, 0.0, 0.9961946980917455, -4.596266658713865], [0.0, 0.0, 0.0, 1.0]]}
{"episode": 4, "step": 1, "state": [1, 5, 1.3989943942010379, 0.0, -0.0009708802058752583], "index": 80, "collision": 1, "reward": -0.5, "TCP": [[0.9961946980917455, 0.0, 0.08715574274765817, -5.995261052914902], [0.0, 1.0, 0.0, 0.0], [-0.08715574274765817, 0.0, 0.9961946980917455, -3.855754777913358], [0.0, 0.0, 0.0, 1.0]]}
