{"episode": 0, "step": 1, "state": [0, 5], "index": 0, "collision": 0, "reward": 1, "TCP": [[0.9961946980917455, 0.0, 0.08715574274765817, 0.0], [0.0, 1.0, 0.0, 0.0], [-0.08715574274765817, 0.0, 0.9961946980917455, 0.0], [0.0, 0.0, 0.0, 1.0]]}
{"episode": 1, "step": 1, "state": [0, 0], "index": 20, "collision": 0, "reward": 1, "TCP": [[1.0, 0.0, 0.0, -1.4142135623730951], [0.0, 1.0, 0.0, 0.0], [0.0, 0.0, 1.0, -1.4142135623730951], [0.0, 0.0, 0.0, 1.0]]}
{"episode": 2, "step": 1, "state": [0, 0], "index": 40, "collision": 0, "reward": 1, "TCP": [[1.0, 0.0, 0.0, -2.8284271247461894], [0.0, 1.0, 0.0, 0.0], [0.0, 0.0, 1.0, -2.8284271247461894], [0.0, 0.0, 0.0, 1.0]]}
{"episode": 3, "step": 1, "state": [0, 0], "index": 60, "collision": 0, "reward": 1, "TCP": [[1.0, 0.0, 0.0, -4.242640687119282], [0.0, 1.0, 0.0, 0.0], [0.0, 0.0, 1.0, -4.242640687119282], [0.0, 0.0, 0.0, 1.0]]}
{"episode": 4, "step": 1, "state": [1, -5], "index": 80, "collision": 1, "reward": -0.5, "TCP": [[0.9961946980917455, 0.0, -0.08715574274765817, -5.234634775527516], [0.0, 1.0, 0.0, 0.0], [0.08715574274765817, 0.0, 0.9961946980917455, -4.838243355479134], [0.0, 0.0, 0.0, 1.0]]}
{"episode": 4, "step": 2, "state": [1, -10], "index": 80, "collision": 1, "reward": -0.5, "TCP": [[0.9848077530122081, 0.0, -0.17364817766693033, -4.7930347165864795], [0.0, 1.0, 0.0, 0.0], [0.17364817766693033, 0.0, 0.9848077530122081, -5.276060860679752], [0.0, 0.0, 0.0, 1.0]]}
{"episode": 4, "step": 3, "state": [1, -15], "index": 80, "collision": 1, "reward": -0.5, "TCP": [[0.9659258262890683, 0.0, -0.25881904510252074, -4.314956769338731], [0.0, 1.0, 0.0, 0.0], [0.25881904510252074, 0.0, 0.9659258262890684, -5.673724356957946], [0.0, 0.0, 0.0, 1.0]]}
{"episode": 4, "step": 4, "state": [1, -15], "index": 80, "collision": 1, "reward": -1, "TCP": [[0.9659258262890683, 0.0, -0.25881904510252074, -4.314956769338731], [0.0, 1.0, 0.0, 0.0], [0.25881904510252074, 0.0, 0.9659258262890684, -5.673724356957946], [0.0, 0.0, 0.0, 1.0]]}
{"episode": 4, "step": 5, "state": [1, -15], "index": 80, "collision": 1, "reward": -1, "TCP": [[0.9659258262890683, 0.0, -0.25881904510252074, -4.314956769338731], [0.0, 1.0, 0.0, 0.0], [0.25881904510252074, 0.0, 0.9659258262890684, -5.673724356957946], [0.0, 0.0, 0.0, 1.0]]}
{"episode": 4, "step": 6, "state": [1, -15], "index": 80, "collision": 1, "reward": -1, "TCP": [[0.9659258262890683, 0.0, -0.25881904510252074, -4.314956769338731], [0.0, 1.0, 0.0, 0.0], [0.25881904510252074, 0.0, 0.9659258262890684, -5.673724356957946], [0.0, 0.0, 0.0, 1.0]]}
{"episode": 4, "step": 7, "state": [1, -15], "index": 80, "collision": 1, "reward": -1, "TCP": [[0.9659258262890683, 0.0, -0.25881904510252074, -4.314956769338731], [0.0, 1.0, 0.0, 0.0], [0.25881904510252074, 0.0, 0.9659258262890684, -5.673724356957946], [0.0, 0.0, 0.0, 1.0]]}
{"episode": 4, "step": 8, "state": [1, -10], "index": 80, "collision": 1, "reward": -0.5, "TCP": [[0.9848077530122081, 0.0, -0.17364817766693033, -4.79303471658648], [0.0, 1.0, 0.0, 0.0], [0.17364817766693033, 0.0, 0.9848077530122082, -5.276060860679751], [0.0, 0.0, 0.0, 1.0]]}
{"episode": 4, "step": 9, "state": [1, -5], "index": 80, "collision": 1, "reward": -0.5, "TCP": [[0.9961946980917457, 0.0, -0.08715574274765814, -5.234634775527516], [0.0, 1.0, 0.0, 0.0], [0.08715574274765817, 0.0, 0.9961946980917458, -4.8382433554791335], [0.0, 0.0, 0.0, 1.0]]}
{"episode": 4, "step": 10, "state": [1, -10], "index": 80, "collision": 1, "reward": -0.5, "TCP": [[0.9848077530122082, 0.0, -0.17364817766693033, -4.7930347165864795], [0.0, 1.0, 0.0, 0.0], [0.17364817766693036, 0.0, 0.9848077530122084, -5.276060860679751], [0.0, 0.0, 0.0, 1.0]]}
{"episode": 4, "step": 11, "state": [1, -15], "index": 80, "collision": 1, "reward": -0.5, "TCP": [[0.9659258262890684, 0.0, -0.25881904510252074, -4.314956769338731], [0.0, 1.0, 0.0, 0.0], [0.2588190451025208, 0.0, 0.9659258262890686, -5.673724356957945], [0.0, 0.0, 0.0, 1.0]]}
{"episode": 4, "step": 12, "state": [1, -15], "index": 80, "collision": 1, "reward": -1, "TCP": [[0.9659258262890684, 0.0, -0.25881904510252074, -4.314956769338731], [0.0, 1.0, 0.0, 0.0], [0.2588190451025208, 0.0, 0.9659258262890686, -5.673724356957945], [0.0, 0.0, 0.0, 1.0]]}
{"episode": 4, "step": 13, "state": [1, -15], "index": 80, "collision": 1, "reward": -1, "TCP": [[0.9659258262890684, 0.0, -0.25881904510252074, -4.314956769338731], [0.0, 1.0, 0.0, 0.0], [0.2588190451025208, 0.0, 0.9659258262890686, -5.673724356957945], [0.0, 0.0, 0.0, 1.0]]}
{"episode": 4, "step": 14, "state": [1, -20], "index": 80, "collision": 1, "reward": -0.5, "TCP": [[0.9396926207859085, 0.0, -0.34202014332566877, -3.8040393956341823], [0.0, 1.0, 0.0, 0.0], [0.34202014332566877, 0.0, 0.9396926207859088, -6.028207384991256], [0.0, 0.0, 0.0, 1.0]]}
{"episode": 4, "step": 15, "state": [1, -20], "index": 80, "collision": 1, "reward": -1, "TCP": [[0.9396926207859085, 0.0, -0.34202014332566877, -3.8040393956341823], [0.0, 1.0, 0.0, 0.0], [0.34202014332566877, 0.0, 0.9396926207859088, -6.028207384991256], [0.0, 0.0, 0.0, 1.0]]}
{"episode": 4, "step": 16, "state": [1, -25], "index": 80, "collision": 1, "reward": -0.5, "TCP": [[0.9063077870366502, 0.0, -0.4226182617406995, -3.2641709851870693], [0.0, 1.0, 0.0, 0.0], [0.4226182617406995, 0.0, 0.9063077870366504, -6.336812114893645], [0.0, 0.0, 0.0, 1.0]]}
{"episode": 4, "step": 17, "state": [1, -25], "index": 80, "collision": 1, "reward": -1, "TCP": [[0.9063077870366502, 0.0, -0.4226182617406995, -3.2641709851870693], [0.0, 1.0, 0.0, 0.0], [0.4226182617406995, 0.0, 0.9063077870366504, -6.336812114893645], [0.0, 0.0, 0.0, 1.0]]}
{"episode": 4, "step": 18, "state": [1, -30], "index": 80, "collision": 1, "reward": -0.5, "TCP": [[0.8660254037844388, 0.0, -0.5000000000000001, -2.699460262582354], [0.0, 1.0, 0.0, 0.0], [0.5000000000000001, 0.0, 0.866025403784439, -6.597189878329924], [0.0, 0.0, 0.0, 1.0]]}
{"episode": 4, "step": 19, "state": [1, -30], "index": 80, "collision": 1, "reward": -1, "TCP": [[0.8660254037844388, 0.0, -0.5000000000000001, -2.699460262582354], [0.0, 1.0, 0.0, 0.0], [0.5000000000000001, 0.0, 0.866025403784439, -6.597189878329924], [0.0, 0.0, 0.0, 1.0]]}
{"episode": 4, "step": 20, "state": [1, -30], "index": 80, "collision": 1, "reward": -1, "TCP": [[0.8660254037844388, 0.0, -0.5000000000000001, -2.699460262582354], [0.0, 1.0, 0.0, 0.0], [0.5000000000000001, 0.0, 0.866025403784439, -6.597189878329924], [0.0, 0.0, 0.0, 1.0]]}
{"episode": 4, "step": 21, "state": [1, -35], "index": 80, "collision": 1, "reward": -0.5, "TCP": [[0.819152044288992, 0.0, -0.5735764363510463, -2.114205017400715], [0.0, 1.0, 0.0, 0.0], [0.5735764363510463, 0.0, 0.8191520442889922, -6.807359043299951], [0.0, 0.0, 0.0, 1.0]]}
{"episode": 4, "step": 22, "state": [1, -40], "index": 80, "collision": 1, "reward": -0.5, "TCP": [[0.7660444431189782, 0.0, -0.6427876096865396, -1.5128593954447642], [0.0, 1.0, 0.0, 0.0], [0.6427876096865395, 0.0, 0.7660444431189785, -6.965720095554693], [0.0, 0.0, 0.0, 1.0]]}
{"episode": 4, "step": 23, "state": [1, -40], "index": 80, "collision": 1, "reward": -1, "TCP": [[0.7660444431189782, 0.0, -0.6427876096865396, -1.5128593954447642], [0.0, 1.0, 0.0, 0.0], [0.6427876096865395, 0.0, 0.7660444431189785, -6.965720095554693], [0.0, 0.0, 0.0, 1.0]]}
{"episode": 4, "step": 24, "state": [1, -40], "index": 80, "collision": 1, "reward": -1, "TCP": [[0.7660444431189782, 0.0, -0.6427876096865396, -1.5128593954447642], [0.0, 1.0, 0.0, 0.0], [0.6427876096865395, 0.0, 0.7660444431189785, -6.965720095554693], [0.0, 0.0, 0.0, 1.0]]}
{"episode": 4, "step": 25, "state": [1, -40], "index": 80, "collision": 1, "reward": -1, "TCP": [[0.7660444431189782, 0.0, -0.6427876096865396, -1.5128593954447642], [0.0, 1.0, 0.0, 0.0], [0.6427876096865395, 0.0, 0.7660444431189785, -6.965720095554693], [0.0, 0.0, 0.0, 1.0]]}
{"episode": 4, "step": 26, "state": [1, -40], "index": 80, "collision": 1, "reward": -1, "TCP": [[0.7660444431189782, 0.0, -0.6427876096865396, -1.5128593954447642], [0.0, 1.0, 0.0, 0.0], [0.6427876096865395, 0.0, 0.7660444431189785, -6.965720095554693], [0.0, 0.0, 0.0, 1.0]]}
{"episode": 4, "step": 27, "state": [1, -40], "index": 80, "collision": 1, "reward": -1, "TCP": [[0.7660444431189782, 0.0, -0.6427876096865396, -1.5128593954447642], [0.0, 1.0, 0.0, 0.0], [0.6427876096865395, 0.0, 0.7660444431189785, -6.965720095554693], [0.0, 0.0, 0.0, 1.0]]}
{"episode": 4, "step": 28, "state": [1, -40], "index": 80, "collision": 1, "reward": -1, "TCP": [[0.7660444431189782, 0.0, -0.6427876096865396, -1.5128593954447642], [0.0, 1.0, 0.0, 0.0], [0.6427876096865395, 0.0, 0.7660444431189785, -6.965720095554693], [0.0, 0.0, 0.0, 1.0]]}
{"episode": 4, "step": 29, "state": [1, -45], "index": 80, "collision": 1, "reward": -0.5, "TCP": [[0.7071067811865478, 0.0, -0.7071067811865478, -0.8999999999999999], [0.0, 1.0, 0.0, 0.0], [0.7071067811865477, 0.0, 0.7071067811865479, -7.071067811865475], [0.0, 0.0, 0.0, 1.0]]}
{"episode": 4, "step": 30, "state": [1, -50], "index": 80, "collision": 1, "reward": -0.5, "TCP": [[0.6427876096865396, 0.0, -0.7660444431189783, -0.2802910611203774], [0.0, 1.0, 0.0, 0.0], [0.7660444431189782, 0.0, 0.6427876096865397, -7.122600432500478], [0.0, 0.0, 0.0, 1.0]]}
{"episode": 4, "step": 31, "state": [1, -50], "index": 80, "collision": 1, "reward": -1, "TCP": [[0.6427876096865396, 0.0, -0.7660444431189783, -0.2802910611203774], [0.0, 1.0, 0.0, 0.0], [0.7660444431189782, 0.0, 0.6427876096865397, -7.122600432500478], [0.0, 0.0, 0.0, 1.0]]}
{"episode": 4, "step": 32, "state": [1, -55], "index": 80, "collision": 1, "reward": -0.5, "TCP": [[0.5735764363510464, 0.0, -0.8191520442889921, 0.3415510619787411], [0.0, 1.0, 0.0, 0.0], [0.819152044288992, 0.0, 0.5735764363510465, -7.119925763100427], [0.0, 0.0, 0.0, 1.0]]}
{"episode": 4, "step": 33, "state": [1, -55], "index": 80, "collision": 1, "reward": -1, "TCP": [[0.5735764363510464, 0.0, -0.8191520442889921, 0.3415510619787411], [0.0, 1.0, 0.0, 0.0], [0.819152044288992, 0.0, 0.5735764363510465, -7.119925763100427], [0.0, 0.0, 0.0, 1.0]]}
{"episode": 4, "step": 34, "state": [1, -55], "index": 80, "collision": 1, "reward": -1, "TCP": [[0.5735764363510464, 0.0, -0.8191520442889921, 0.3415510619787411], [0.0, 1.0, 0.0, 0.0], [0.819152044288992, 0.0, 0.5735764363510465, -7.119925763100427], [0.0, 0.0, 0.0, 1.0]]}
{"episode": 4, "step": 35, "state": [1, -55], "index": 80, "collision": 1, "reward": -1, "TCP": [[0.5735764363510464, 0.0, -0.8191520442889921, 0.3415510619787411], [0.0, 1.0, 0.0, 0.0], [0.819152044288992, 0.0, 0.5735764363510465, -7.119925763100427], [0.0, 0.0, 0.0, 1.0]]}
{"episode": 4, "step": 36, "state": [1, -60], "index": 80, "collision": 1, "reward": -0.5, "TCP": [[0.5000000000000003, 0.0, -0.866025403784439, 0.9607937752620317], [0.0, 1.0, 0.0, 0.0], [0.8660254037844389, 0.0, 0.5000000000000003, -7.063064159514462], [0.0, 0.0, 0.0, 1.0]]}
{"episode": 4, "step": 37, "state": [1, -60], "index": 80, "collision": 1, "reward": -1, "TCP": [[0.5000000000000003, 0.0, -0.866025403784439, 0.9607937752620317], [0.0, 1.0, 0.0, 0.0], [0.8660254037844389, 0.0, 0.5000000000000003, -7.063064159514462], [0.0, 0.0, 0.0, 1.0]]}
{"episode": 4, "step": 38, "state": [1, -60], "index": 80, "collision": 1, "reward": -1, "TCP": [[0.5000000000000003, 0.0, -0.866025403784439, 0.9607937752620317], [0.0, 1.0, 0.0, 0.0], [0.8660254037844389, 0.0, 0.5000000000000003, -7.063064159514462], [0.0, 0.0, 0.0, 1.0]]}
{"episode": 4, "step": 39, "state": [1, -60], "index": 80, "collision": 1, "reward": -1, "TCP": [[0.5000000000000003, 0.0, -0.866025403784439, 0.9607937752620317], [0.0, 1.0, 0.0, 0.0], [0.8660254037844389, 0.0, 0.5000000000000003, -7.063064159514462], [0.0, 0.0, 0.0, 1.0]]}
{"episode": 4, "step": 40, "state": [1, -65], "index": 80, "collision": 1, "reward": -0.5, "TCP": [[0.4226182617406998, 0.0, -0.9063077870366504, 1.572724267772435], [0.0, 1.0, 0.0, 0.0], [0.9063077870366503, 0.0, 0.4226182617406997, -6.952448372879849], [0.0, 0.0, 0.0, 1.0]]}
{"episode": 4, "step": 41, "state": [1, -65], "index": 80, "collision": 1, "reward": -1, "TCP": [[0.4226182617406998, 0.0, -0.9063077870366504, 1.572724267772435], [0.0, 1.0, 0.0, 0.0], [0.9063077870366503, 0.0, 0.4226182617406997, -6.952448372879849], [0.0, 0.0, 0.0, 1.0]]}
{"episode": 4, "step": 42, "state": [1, -65], "index": 80, "collision": 1, "reward": -1, "TCP": [[0.4226182617406998, 0.0, -0.9063077870366504, 1.572724267772435], [0.0, 1.0, 0.0, 0.0], [0.9063077870366503, 0.0, 0.4226182617406997, -6.952448372879849], [0.0, 0.0, 0.0, 1.0]]}
{"episode": 4, "step": 43, "state": [1, -65], "index": 80, "collision": 1, "reward": -1, "TCP": [[0.4226182617406998, 0.0, -0.9063077870366504, 1.572724267772435], [0.0, 1.0, 0.0, 0.0], [0.9063077870366503, 0.0, 0.4226182617406997, -6.952448372879849], [0.0, 0.0, 0.0, 1.0]]}
{"episode": 4, "step": 44, "state": [1, -65], "index": 80, "collision": 1, "reward": -1, "TCP": [[0.4226182617406998, 0.0, -0.9063077870366504, 1.572724267772435], [0.0, 1.0, 0.0, 0.0], [0.9063077870366503, 0.0, 0.4226182617406997, -6.952448372879849], [0.0, 0.0, 0.0, 1.0]]}
{"episode": 4, "step": 45, "state": [0, -70], "index": 80, "collision": 0, "reward": 1, "TCP": [[0.34202014332566905, 0.0, -0.9396926207859089, 2.1726853789682132], [0.0, 1.0, 0.0, 0.0], [0.9396926207859088, 0.0, 0.342020143325669, -6.788920256124515], [0.0, 0.0, 0.0, 1.0]]}
{"episode": 5, "step": 1, "state": [1, -5], "index": 100, "collision": 1, "reward": -0.5, "TCP": [[0.9961946980917455, 0.0, -0.08715574274765817, -6.766723661765469], [0.0, 1.0, 0.0, 0.0], [0.08715574274765817, 0.0, 0.9961946980917455, -3.552668136106058], [0.0, 0.0, 0.0, 1.0]]}
{"episode": 5, "step": 2, "state": [1, 0], "index": 100, "collision": 1, "reward": -0.5, "TCP": [[1.0, 0.0, 2.2982146219235116e-18, -7.050609665440984], [0.0, 1.0, 0.0, 0.0], [2.2982146219235116e-18, 0.0, 1.0, -2.9493903345590162], [0.0, 0.0, 0.0, 1.0]]}
{"episode": 5, "step": 3, "state": [1, -5], "index": 100, "collision": 1, "reward": -0.5, "TCP": [[0.9961946980917455, 0.0, -0.08715574274765817, -6.766723661765469], [0.0, 1.0, 0.0, 0.0], [0.08715574274765817, 0.0, 0.9961946980917455, -3.552668136106058], [0.0, 0.0, 0.0, 1.0]]}
{"episode": 5, "step": 4, "state": [1, -10], "index": 100, "collision": 1, "reward": -0.5, "TCP": [[0.9848077530122081, 0.0, -0.17364817766693033, -6.43133880516446], [0.0, 1.0, 0.0, 0.0], [0.17364817766693033, 0.0, 0.9848077530122081, -4.128907987977661], [0.0, 0.0, 0.0, 1.0]]}
{"episode": 5, "step": 5, "state": [1, -15], "index": 100, "collision": 1, "reward": -0.5, "TCP": [[0.9659258262890683, 0.0, -0.25881904510252074, -6.047007576907605], [0.0, 1.0, 0.0, 0.0], [0.25881904510252074, 0.0, 0.9659258262890684, -4.673724356957948], [0.0, 0.0, 0.0, 1.0]]}
{"episode": 5, "step": 6, "state": [1, -20], "index": 100, "collision": 1, "reward": -0.5, "TCP": [[0.9396926207859084, 0.0, -0.3420201433256687, -5.616654969707478], [0.0, 1.0, 0.0, 0.0], [0.3420201433256687, 0.0, 0.9396926207859085, -5.182970861509859], [0.0, 0.0, 0.0, 1.0]]}
{"episode": 5, "step": 7, "state": [1, -20], "index": 100, "collision": 1, "reward": -1, "TCP": [[0.9396926207859084, 0.0, -0.3420201433256687, -5.616654969707478], [0.0, 1.0, 0.0, 0.0], [0.3420201433256687, 0.0, 0.9396926207859085, -5.182970861509859], [0.0, 0.0, 0.0, 1.0]]}
{"episode": 5, "step": 8, "state": [1, -20], "index": 100, "collision": 1, "reward": -1, "TCP": [[0.9396926207859084, 0.0, -0.3420201433256687, -5.616654969707478], [0.0, 1.0, 0.0, 0.0], [0.3420201433256687, 0.0, 0.9396926207859085, -5.182970861509859], [0.0, 0.0, 0.0, 1.0]]}
{"episode": 5, "step": 9, "state": [1, -20], "index": 100, "collision": 1, "reward": -1, "TCP": [[0.9396926207859084, 0.0, -0.3420201433256687, -5.616654969707478], [0.0, 1.0, 0.0, 0.0], [0.3420201433256687, 0.0, 0.9396926207859085, -5.182970861509859], [0.0, 0.0, 0.0, 1.0]]}
{"episode": 5, "step": 10, "state": [1, -20], "index": 100, "collision": 1, "reward": -1, "TCP": [[0.9396926207859084, 0.0, -0.3420201433256687, -5.616654969707478], [0.0, 1.0, 0.0, 0.0], [0.3420201433256687, 0.0, 0.9396926207859085, -5.182970861509859], [0.0, 0.0, 0.0, 1.0]]}
{"episode": 5, "step": 11, "state": [1, -25], "index": 100, "collision": 1, "reward": -0.5, "TCP": [[0.90630778703665, 0.0, -0.4226182617406994, -5.143556226758882], [0.0, 1.0, 0.0, 0.0], [0.42261826174069944, 0.0, 0.9063077870366502, -5.65277182824231], [0.0, 0.0, 0.0, 1.0]]}
{"episode": 5, "step": 12, "state": [1, -30], "index": 100, "collision": 1, "reward": -0.5, "TCP": [[0.8660254037844387, 0.0, -0.5, -4.631311915160486], [0.0, 1.0, 0.0, 0.0], [0.5, 0.0, 0.8660254037844388, -6.079551788124885], [0.0, 0.0, 0.0, 1.0]]}
{"episode": 5, "step": 13, "state": [1, -35], "index": 100, "collision": 1, "reward": -0.5, "TCP": [[0.8191520442889919, 0.0, -0.5735764363510462, -4.083820523425127], [0.0, 1.0, 0.0, 0.0], [0.573576436351046, 0.0, 0.819152044288992, -6.460062687966093], [0.0, 0.0, 0.0, 1.0]]}
{"episode": 5, "step": 14, "state": [1, -35], "index": 100, "collision": 1, "reward": -1, "TCP": [[0.8191520442889919, 0.0, -0.5735764363510462, -4.083820523425127], [0.0, 1.0, 0.0, 0.0], [0.573576436351046, 0.0, 0.819152044288992, -6.460062687966093], [0.0, 0.0, 0.0, 1.0]]}
{"episode": 5, "step": 15, "state": [1, -35], "index": 100, "collision": 1, "reward": -1, "TCP": [[0.8191520442889919, 0.0, -0.5735764363510462, -4.083820523425127], [0.0, 1.0, 0.0, 0.0], [0.573576436351046, 0.0, 0.819152044288992, -6.460062687966093], [0.0, 0.0, 0.0, 1.0]]}
{"episode": 5, "step": 16, "state": [1, -40], "index": 100, "collision": 1, "reward": -0.5, "TCP": [[0.7660444431189781, 0.0, -0.6427876096865394, -3.505248791628251], [0.0, 1.0, 0.0, 0.0], [0.6427876096865393, 0.0, 0.7660444431189782, -6.79140861005938], [0.0, 0.0, 0.0, 1.0]]}
{"episode": 5, "step": 17, "state": [1, -45], "index": 100, "collision": 1, "reward": -0.5, "TCP": [[0.7071067811865477, 0.0, -0.7071067811865476, -2.899999999999995], [0.0, 1.0, 0.0, 0.0], [0.7071067811865475, 0.0, 0.7071067811865477, -7.071067811865476], [0.0, 0.0, 0.0, 1.0]]}
{"episode": 5, "step": 18, "state": [1, -50], "index": 100, "collision": 1, "reward": -0.5, "TCP": [[0.6427876096865395, 0.0, -0.766044443118978, -2.2726804573038635], [0.0, 1.0, 0.0, 0.0], [0.766044443118978, 0.0, 0.6427876096865395, -7.296911917995796], [0.0, 0.0, 0.0, 1.0]]}
{"episode": 5, "step": 19, "state": [1, -55], "index": 100, "collision": 1, "reward": -0.5, "TCP": [[0.5735764363510463, 0.0, -0.8191520442889918, -1.6280644440456697], [0.0, 1.0, 0.0, 0.0], [0.8191520442889918, 0.0, 0.5735764363510463, -7.467222118434288], [0.0, 0.0, 0.0, 1.0]]}
{"episode": 5, "step": 20, "state": [1, -60], "index": 100, "collision": 1, "reward": -0.5, "TCP": [[0.5000000000000002, 0.0, -0.8660254037844387, -0.9710578773160996], [0.0, 1.0, 0.0, 0.0], [0.8660254037844387, 0.0, 0.5000000000000002, -7.580702249719503], [0.0, 0.0, 0.0, 1.0]]}
{"episode": 5, "step": 21, "state": [1, -65], "index": 100, "collision": 1, "reward": -0.5, "TCP": [[0.42261826174069966, 0.0, -0.90630778703665, -0.3066609737993766], [0.0, 1.0, 0.0, 0.0], [0.90630778703665, 0.0, 0.42261826174069966, -7.636488659531185], [0.0, 0.0, 0.0, 1.0]]}
{"episode": 5, "step": 22, "state": [0, -70], "index": 100, "collision": 0, "reward": 1, "TCP": [[0.342020143325669, 0.0, -0.9396926207859085, 0.36006980489491824], [0.0, 1.0, 0.0, 0.0], [0.9396926207859085, 0.0, 0.342020143325669, -7.634156779605912], [0.0, 0.0, 0.0, 1.0]]}
{"episode": 6, "step": 1, "state": [1, 5], "index": 120, "collision": 1, "reward": -0.5, "TCP": [[0.9961946980917455, 0.0, 0.08715574274765817, -8.566411491661054], [0.0, 1.0, 0.0, 0.0], [-0.08715574274765817, 0.0, 0.9961946980917455, -0.7915770054374504], [0.0, 0.0, 0.0, 1.0]]}
{"episode": 6, "step": 2, "state": [1, 5], "index": 120, "collision": 1, "reward": -1, "TCP": [[0.9961946980917455, 0.0, 0.08715574274765817, -8.566411491661054], [0.0, 1.0, 0.0, 0.0], [-0.08715574274765817, 0.0, 0.9961946980917455, -0.7915770054374504], [0.0, 0.0, 0.0, 1.0]]}
{"episode": 6, "step": 3, "state": [1, 5], "index": 120, "collision": 1, "reward": -1, "TCP": [[0.9961946980917455, 0.0, 0.08715574274765817, -8.566411491661054], [0.0, 1.0, 0.0, 0.0], [-0.08715574274765817, 0.0, 0.9961946980917455, -0.7915770054374504], [0.0, 0.0, 0.0, 1.0]]}
{"episode": 6, "step": 4, "state": [1, 0], "index": 120, "collision": 1, "reward": -0.5, "TCP": [[1.0, 0.0, -2.2982146219235116e-18, -8.464823227814074], [0.0, 1.0, 0.0, 0.0], [-2.2982146219235116e-18, 0.0, 1.0, -1.5351767721859222], [0.0, 0.0, 0.0, 1.0]]}
{"episode": 6, "step": 5, "state": [1, 0], "index": 120, "collision": 1, "reward": -1, "TCP": [[1.0, 0.0, -2.2982146219235116e-18, -8.464823227814074], [0.0, 1.0, 0.0, 0.0], [-2.2982146219235116e-18, 0.0, 1.0, -1.5351767721859222], [0.0, 0.0, 0.0, 1.0]]}
{"episode": 6, "step": 6, "state": [1, 5], "index": 120, "collision": 1, "reward": -0.5, "TCP": [[0.9961946980917455, 0.0, 0.08715574274765817, -8.566411491661052], [0.0, 1.0, 0.0, 0.0], [-0.08715574274765817, 0.0, 0.9961946980917455, -0.7915770054374502], [0.0, 0.0, 0.0, 1.0]]}
{"episode": 6, "step": 7, "state": [1, 10], "index": 120, "collision": 1, "reward": -0.5, "TCP": [[0.9848077530122081, 0.0, 0.17364817766693033, -8.602804191515808], [0.0, 1.0, 0.0, 0.0], [-0.17364817766693033, 0.0, 0.9848077530122081, -0.041952859710335466], [0.0, 0.0, 0.0, 1.0]]}
{"episode": 6, "step": 8, "state": [1, 5], "index": 120, "collision": 1, "reward": -0.5, "TCP": [[0.9961946980917457, 0.0, 0.08715574274765815, -8.566411491661052], [0.0, 1.0, 0.0, 0.0], [-0.08715574274765817, 0.0, 0.9961946980917457, -0.7915770054374501], [0.0, 0.0, 0.0, 1.0]]}
{"episode": 6, "step": 9, "state": [1, 5], "index": 120, "collision": 1, "reward": -1, "TCP": [[0.9961946980917457, 0.0, 0.08715574274765815, -8.566411491661052], [0.0, 1.0, 0.0, 0.0], [-0.08715574274765817, 0.0, 0.9961946980917457, -0.7915770054374501], [0.0, 0.0, 0.0, 1.0]]}
{"episode": 6, "step": 10, "state": [1, 10], "index": 120, "collision": 1, "reward": -0.5, "TCP": [[0.9848077530122082, 0.0, 0.17364817766693033, -8.602804191515808], [0.0, 1.0, 0.0, 0.0], [-0.17364817766693036, 0.0, 0.9848077530122082, -0.041952859710335355], [0.0, 0.0, 0.0, 1.0]]}
{"episode": 6, "step": 11, "state": [1, 5], "index": 120, "collision": 1, "reward": -0.5, "TCP": [[0.9961946980917458, 0.0, 0.08715574274765814, -8.566411491661052], [0.0, 1.0, 0.0, 0.0], [-0.08715574274765818, 0.0, 0.9961946980917458, -0.79157700543745], [0.0, 0.0, 0.0, 1.0]]}
{"episode": 6, "step": 12, "state": [1, 5], "index": 120, "collision": 1, "reward": -1, "TCP": [[0.9961946980917458, 0.0, 0.08715574274765814, -8.566411491661052], [0.0, 1.0, 0.0, 0.0], [-0.08715574274765818, 0.0, 0.9961946980917458, -0.79157700543745], [0.0, 0.0, 0.0, 1.0]]}
{"episode": 6, "step": 13, "state": [1, 5], "index": 120, "collision": 1, "reward": -1, "TCP": [[0.9961946980917458, 0.0, 0.08715574274765814, -8.566411491661052], [0.0, 1.0, 0.0, 0.0], [-0.08715574274765818, 0.0, 0.9961946980917458, -0.79157700543745], [0.0, 0.0, 0.0, 1.0]]}
{"episode": 6, "step": 14, "state": [1, 0], "index": 120, "collision": 1, "reward": -0.5, "TCP": [[1.0000000000000002, 0.0, -4.9406252702903845e-17, -8.464823227814072], [0.0, 1.0, 0.0, 0.0], [1.1632382358318372e-17, 0.0, 1.0000000000000002, -1.5351767721859217], [0.0, 0.0, 0.0, 1.0]]}
{"episode": 6, "step": 15, "state": [1, -5], "index": 120, "collision": 1, "reward": -0.5, "TCP": [[0.9961946980917458, 0.0, -0.08715574274765824, -8.298812548003418], [0.0, 1.0, 0.0, 0.0], [0.0871557427476582, 0.0, 0.9961946980917458, -2.267092916732979], [0.0, 0.0, 0.0, 1.0]]}
{"episode": 6, "step": 16, "state": [1, -10], "index": 120, "collision": 1, "reward": -0.5, "TCP": [[0.9848077530122084, 0.0, -0.17364817766693041, -8.069642893742436], [0.0, 1.0, 0.0, 0.0], [0.1736481776669304, 0.0, 0.9848077530122084, -2.9817551152755684], [0.0, 0.0, 0.0, 1.0]]}
{"episode": 6, "step": 17, "state": [1, -15], "index": 120, "collision": 1, "reward": -0.5, "TCP": [[0.9659258262890685, 0.0, -0.25881904510252085, -7.779058384476476], [0.0, 1.0, 0.0, 0.0], [0.2588190451025208, 0.0, 0.9659258262890685, -3.6737243569579467], [0.0, 0.0, 0.0, 1.0]]}
{"episode": 6, "step": 18, "state": [1, -20], "index": 120, "collision": 1, "reward": -0.5, "TCP": [[0.9396926207859086, 0.0, -0.3420201433256689, -7.429270543780771], [0.0, 1.0, 0.0, 0.0], [0.34202014332566877, 0.0, 0.9396926207859086, -4.337734338028459], [0.0, 0.0, 0.0, 1.0]]}
{"episode": 6, "step": 19, "state": [1, -20], "index": 120, "collision": 1, "reward": -1, "TCP": [[0.9396926207859086, 0.0, -0.3420201433256689, -7.429270543780771], [0.0, 1.0, 0.0, 0.0], [0.34202014332566877, 0.0, 0.9396926207859086, -4.337734338028459], [0.0, 0.0, 0.0, 1.0]]}
{"episode": 6, "step": 20, "state": [1, -25], "index": 120, "collision": 1, "reward": -0.5, "TCP": [[0.9063077870366503, 0.0, -0.4226182617406996, -7.022941468330692], [0.0, 1.0, 0.0, 0.0], [0.4226182617406995, 0.0, 0.9063077870366503, -4.96873154159097], [0.0, 0.0, 0.0, 1.0]]}
{"episode": 6, "step": 21, "state": [1, -30], "index": 120, "collision": 1, "reward": -0.5, "TCP": [[0.8660254037844389, 0.0, -0.5000000000000002, -6.5631635677386155], [0.0, 1.0, 0.0, 0.0], [0.5000000000000001, 0.0, 0.8660254037844389, -5.56191369791984], [0.0, 0.0, 0.0, 1.0]]}
{"episode": 6, "step": 22, "state": [1, -35], "index": 120, "collision": 1, "reward": -0.5, "TCP": [[0.8191520442889921, 0.0, -0.5735764363510464, -6.053436029449536], [0.0, 1.0, 0.0, 0.0], [0.5735764363510463, 0.0, 0.819152044288992, -6.112766332632228], [0.0, 0.0, 0.0, 1.0]]}
{"episode": 6, "step": 23, "state": [1, -40], "index": 120, "collision": 1, "reward": -0.5, "TCP": [[0.7660444431189783, 0.0, -0.6427876096865396, -5.497638187811735], [0.0, 1.0, 0.0, 0.0], [0.6427876096865395, 0.0, 0.7660444431189782, -6.617097124564058], [0.0, 0.0, 0.0, 1.0]]}
{"episode": 6, "step": 24, "state": [1, -45], "index": 120, "collision": 1, "reward": -0.5, "TCP": [[0.7071067811865479, 0.0, -0.7071067811865478, -4.899999999999989], [0.0, 1.0, 0.0, 0.0], [0.7071067811865477, 0.0, 0.7071067811865477, -7.07106781186547], [0.0, 0.0, 0.0, 1.0]]}
{"episode": 6, "step": 25, "state": [1, -50], "index": 120, "collision": 1, "reward": -0.5, "TCP": [[0.6427876096865397, 0.0, -0.7660444431189782, -4.265069853487349], [0.0, 1.0, 0.0, 0.0], [0.7660444431189782, 0.0, 0.6427876096865395, -7.471223403491106], [0.0, 0.0, 0.0, 1.0]]}
{"episode": 6, "step": 26, "state": [1, -55], "index": 120, "collision": 1, "reward": -0.5, "TCP": [[0.5735764363510465, 0.0, -0.819152044288992, -3.5976799500700816], [0.0, 1.0, 0.0, 0.0], [0.819152044288992, 0.0, 0.5735764363510463, -7.814518473768141], [0.0, 0.0, 0.0, 1.0]]}
{"episode": 6, "step": 27, "state": [1, -60], "index": 120, "collision": 1, "reward": -0.5, "TCP": [[0.5000000000000004, 0.0, -0.8660254037844389, -2.9029095298942327], [0.0, 1.0, 0.0, 0.0], [0.8660254037844389, 0.0, 0.5000000000000001, -8.098340339924537], [0.0, 0.0, 0.0, 1.0]]}
{"episode": 6, "step": 28, "state": [1, -65], "index": 120, "collision": 1, "reward": -0.5, "TCP": [[0.4226182617406999, 0.0, -0.9063077870366503, -2.1860462153711904], [0.0, 1.0, 0.0, 0.0], [0.9063077870366503, 0.0, 0.42261826174069955, -8.320528946182515], [0.0, 0.0, 0.0, 1.0]]}
{"episode": 6, "step": 29, "state": [0, -70], "index": 120, "collision": 0, "reward": 1, "TCP": [[0.34202014332566916, 0.0, -0.9396926207859088, -1.4525457691783794], [0.0, 1.0, 0.0, 0.0], [0.9396926207859088, 0.0, 0.3420201433256688, -8.479393303087303], [0.0, 0.0, 0.0, 1.0]]}
{"episode": 7, "step": 1, "state": [1, 0], "index": 140, "collision": 1, "reward": -1, "TCP": [[1.0, 0.0, 0.0, -9.879036790187168], [0.0, 1.0, 0.0, 0.0], [0.0, 0.0, 1.0, -0.1209632098128271], [0.0, 0.0, 0.0, 1.0]]}
{"episode": 7, "step": 2, "state": [1, 5], "index": 140, "collision": 1, "reward": -0.5, "TCP": [[0.9961946980917455, 0.0, 0.08715574274765817, -9.851986711034131], [0.0, 1.0, 0.0, 0.0], [-0.08715574274765817, 0.0, 0.9961946980917455, 0.7405118808005057], [0.0, 0.0, 0.0, 1.0]]}
{"episode": 7, "step": 3, "state": [1, 5], "index": 140, "collision": 1, "reward": -1, "TCP": [[0.9961946980917455, 0.0, 0.08715574274765817, -9.851986711034131], [0.0, 1.0, 0.0, 0.0], [-0.08715574274765817, 0.0, 0.9961946980917455, 0.7405118808005057], [0.0, 0.0, 0.0, 1.0]]}
{"episode": 7, "step": 4, "state": [1, 5], "index": 140, "collision": 1, "reward": -1, "TCP": [[0.9961946980917455, 0.0, 0.08715574274765817, -9.851986711034131], [0.0, 1.0, 0.0, 0.0], [-0.08715574274765817, 0.0, 0.9961946980917455, 0.7405118808005057], [0.0, 0.0, 0.0, 1.0]]}
{"episode": 7, "step": 5, "state": [1, 10], "index": 140, "collision": 1, "reward": -0.5, "TCP": [[0.9848077530122081, 0.0, 0.17364817766693033, -9.749957064217902], [0.0, 1.0, 0.0, 0.0], [-0.17364817766693033, 0.0, 0.9848077530122081, 1.596351228867648], [0.0, 0.0, 0.0, 1.0]]}
{"episode": 7, "step": 6, "state": [1, 15], "index": 140, "collision": 1, "reward": -0.5, "TCP": [[0.9659258262890683, 0.0, 0.25881904510252074, -9.573724356957937], [0.0, 1.0, 0.0, 0.0], [-0.25881904510252074, 0.0, 0.9659258262890684, 2.4400413801798817], [0.0, 0.0, 0.0, 1.0]]}
{"episode": 7, "step": 7, "state": [1, 15], "index": 140, "collision": 1, "reward": -1, "TCP": [[0.9659258262890683, 0.0, 0.25881904510252074, -9.573724356957937], [0.0, 1.0, 0.0, 0.0], [-0.25881904510252074, 0.0, 0.9659258262890684, 2.4400413801798817], [0.0, 0.0, 0.0, 1.0]]}
{"episode": 7, "step": 8, "state": [1, 15], "index": 140, "collision": 1, "reward": -1, "TCP": [[0.9659258262890683, 0.0, 0.25881904510252074, -9.573724356957937], [0.0, 1.0, 0.0, 0.0], [-0.25881904510252074, 0.0, 0.9659258262890684, 2.4400413801798817], [0.0, 0.0, 0.0, 1.0]]}
{"episode": 7, "step": 9, "state": [1, 15], "index": 140, "collision": 1, "reward": -1, "TCP": [[0.9659258262890683, 0.0, 0.25881904510252074, -9.573724356957937], [0.0, 1.0, 0.0, 0.0], [-0.25881904510252074, 0.0, 0.9659258262890684, 2.4400413801798817], [0.0, 0.0, 0.0, 1.0]]}
{"episode": 7, "step": 10, "state": [1, 20], "index": 140, "collision": 1, "reward": -0.5, "TCP": [[0.9396926207859084, 0.0, 0.3420201433256687, -9.324629826568705], [0.0, 1.0, 0.0, 0.0], [-0.3420201433256687, 0.0, 0.9396926207859085, 3.265161343251678], [0.0, 0.0, 0.0, 1.0]]}
{"episode": 7, "step": 11, "state": [1, 20], "index": 140, "collision": 1, "reward": -1, "TCP": [[0.9396926207859084, 0.0, 0.3420201433256687, -9.324629826568705], [0.0, 1.0, 0.0, 0.0], [-0.3420201433256687, 0.0, 0.9396926207859085, 3.265161343251678], [0.0, 0.0, 0.0, 1.0]]}
{"episode": 7, "step": 12, "state": [1, 20], "index": 140, "collision": 1, "reward": -1, "TCP": [[0.9396926207859084, 0.0, 0.3420201433256687, -9.324629826568705], [0.0, 1.0, 0.0, 0.0], [-0.3420201433256687, 0.0, 0.9396926207859085, 3.265161343251678], [0.0, 0.0, 0.0, 1.0]]}
{"episode": 7, "step": 13, "state": [1, 20], "index": 140, "collision": 1, "reward": -1, "TCP": [[0.9396926207859084, 0.0, 0.3420201433256687, -9.324629826568705], [0.0, 1.0, 0.0, 0.0], [-0.3420201433256687, 0.0, 0.9396926207859085, 3.265161343251678], [0.0, 0.0, 0.0, 1.0]]}
{"episode": 7, "step": 14, "state": [1, 20], "index": 140, "collision": 1, "reward": -1, "TCP": [[0.9396926207859084, 0.0, 0.3420201433256687, -9.324629826568705], [0.0, 1.0, 0.0, 0.0], [-0.3420201433256687, 0.0, 0.9396926207859085, 3.265161343251678], [0.0, 0.0, 0.0, 1.0]]}
{"episode": 7, "step": 15, "state": [1, 25], "index": 140, "collision": 1, "reward": -0.5, "TCP": [[0.90630778703665, 0.0, 0.4226182617406994, -9.004569232833855], [0.0, 1.0, 0.0, 0.0], [-0.42261826174069944, 0.0, 0.9063077870366502, 4.065431456943006], [0.0, 0.0, 0.0, 1.0]]}
{"episode": 7, "step": 16, "state": [1, 25], "index": 140, "collision": 1, "reward": -1, "TCP": [[0.90630778703665, 0.0, 0.4226182617406994, -9.004569232833855], [0.0, 1.0, 0.0, 0.0], [-0.42261826174069944, 0.0, 0.9063077870366502, 4.065431456943006], [0.0, 0.0, 0.0, 1.0]]}
{"episode": 7, "step": 17, "state": [1, 30], "index": 140, "collision": 1, "reward": -0.5, "TCP": [[0.8660254037844387, 0.0, 0.5, -8.615978430129582], [0.0, 1.0, 0.0, 0.0], [-0.5, 0.0, 0.8660254037844388, 4.834761182472368], [0.0, 0.0, 0.0, 1.0]]}
{"episode": 7, "step": 18, "state": [1, 30], "index": 140, "collision": 1, "reward": -1, "TCP": [[0.8660254037844387, 0.0, 0.5, -8.615978430129582], [0.0, 1.0, 0.0, 0.0], [-0.5, 0.0, 0.8660254037844388, 4.834761182472368], [0.0, 0.0, 0.0, 1.0]]}
{"episode": 7, "step": 19, "state": [1, 30], "index": 140, "collision": 1, "reward": -1, "TCP": [[0.8660254037844387, 0.0, 0.5, -8.615978430129582], [0.0, 1.0, 0.0, 0.0], [-0.5, 0.0, 0.8660254037844388, 4.834761182472368], [0.0, 0.0, 0.0, 1.0]]}
{"episode": 7, "step": 20, "state": [1, 30], "index": 140, "collision": 1, "reward": -1, "TCP": [[0.8660254037844387, 0.0, 0.5, -8.615978430129582], [0.0, 1.0, 0.0, 0.0], [-0.5, 0.0, 0.8660254037844388, 4.834761182472368], [0.0, 0.0, 0.0, 1.0]]}
{"episode": 7, "step": 21, "state": [1, 30], "index": 140, "collision": 1, "reward": -1, "TCP": [[0.8660254037844387, 0.0, 0.5, -8.615978430129582], [0.0, 1.0, 0.0, 0.0], [-0.5, 0.0, 0.8660254037844388, 4.834761182472368], [0.0, 0.0, 0.0, 1.0]]}
{"episode": 7, "step": 22, "state": [1, 30], "index": 140, "collision": 1, "reward": -1, "TCP": [[0.8660254037844387, 0.0, 0.5, -8.615978430129582], [0.0, 1.0, 0.0, 0.0], [-0.5, 0.0, 0.8660254037844388, 4.834761182472368], [0.0, 0.0, 0.0, 1.0]]}
{"episode": 7, "step": 23, "state": [1, 30], "index": 140, "collision": 1, "reward": -1, "TCP": [[0.8660254037844387, 0.0, 0.5, -8.615978430129582], [0.0, 1.0, 0.0, 0.0], [-0.5, 0.0, 0.8660254037844388, 4.834761182472368], [0.0, 0.0, 0.0, 1.0]]}
{"episode": 7, "step": 24, "state": [1, 30], "index": 140, "collision": 1, "reward": -1, "TCP": [[0.8660254037844387, 0.0, 0.5, -8.615978430129582], [0.0, 1.0, 0.0, 0.0], [-0.5, 0.0, 0.8660254037844388, 4.834761182472368], [0.0, 0.0, 0.0, 1.0]]}
{"episode": 7, "step": 25, "state": [1, 30], "index": 140, "collision": 1, "reward": -1, "TCP": [[0.8660254037844387, 0.0, 0.5, -8.615978430129582], [0.0, 1.0, 0.0, 0.0], [-0.5, 0.0, 0.8660254037844388, 4.834761182472368], [0.0, 0.0, 0.0, 1.0]]}
{"episode": 7, "step": 26, "state": [1, 30], "index": 140, "collision": 1, "reward": -1, "TCP": [[0.8660254037844387, 0.0, 0.5, -8.615978430129582], [0.0, 1.0, 0.0, 0.0], [-0.5, 0.0, 0.8660254037844388, 4.834761182472368], [0.0, 0.0, 0.0, 1.0]]}
{"episode": 7, "step": 27, "state": [1, 30], "index": 140, "collision": 1, "reward": -1, "TCP": [[0.8660254037844387, 0.0, 0.5, -8.615978430129582], [0.0, 1.0, 0.0, 0.0], [-0.5, 0.0, 0.8660254037844388, 4.834761182472368], [0.0, 0.0, 0.0, 1.0]]}
{"episode": 7, "step": 28, "state": [1, 30], "index": 140, "collision": 1, "reward": -1, "TCP": [[0.8660254037844387, 0.0, 0.5, -8.615978430129582], [0.0, 1.0, 0.0, 0.0], [-0.5, 0.0, 0.8660254037844388, 4.834761182472368], [0.0, 0.0, 0.0, 1.0]]}
{"episode": 7, "step": 29, "state": [1, 30], "index": 140, "collision": 1, "reward": -1, "TCP": [[0.8660254037844387, 0.0, 0.5, -8.615978430129582], [0.0, 1.0, 0.0, 0.0], [-0.5, 0.0, 0.8660254037844388, 4.834761182472368], [0.0, 0.0, 0.0, 1.0]]}
{"episode": 7, "step": 30, "state": [1, 30], "index": 140, "collision": 1, "reward": -1, "TCP": [[0.8660254037844387, 0.0, 0.5, -8.615978430129582], [0.0, 1.0, 0.0, 0.0], [-0.5, 0.0, 0.8660254037844388, 4.834761182472368], [0.0, 0.0, 0.0, 1.0]]}
{"episode": 7, "step": 31, "state": [1, 30], "index": 140, "collision": 1, "reward": -1, "TCP": [[0.8660254037844387, 0.0, 0.5, -8.615978430129582], [0.0, 1.0, 0.0, 0.0], [-0.5, 0.0, 0.8660254037844388, 4.834761182472368], [0.0, 0.0, 0.0, 1.0]]}
{"episode": 7, "step": 32, "state": [1, 30], "index": 140, "collision": 1, "reward": -1, "TCP": [[0.8660254037844387, 0.0, 0.5, -8.615978430129582], [0.0, 1.0, 0.0, 0.0], [-0.5, 0.0, 0.8660254037844388, 4.834761182472368], [0.0, 0.0, 0.0, 1.0]]}
{"episode": 7, "step": 33, "state": [1, 35], "index": 140, "collision": 1, "reward": -0.5, "TCP": [[0.8191520442889919, 0.0, 0.5735764363510462, -8.161814829102006], [0.0, 1.0, 0.0, 0.0], [-0.573576436351046, 0.0, 0.819152044288992, 5.567295456094497], [0.0, 0.0, 0.0, 1.0]]}
{"episode": 7, "step": 34, "state": [1, 35], "index": 140, "collision": 1, "reward": -1, "TCP": [[0.8191520442889919, 0.0, 0.5735764363510462, -8.161814829102006], [0.0, 1.0, 0.0, 0.0], [-0.573576436351046, 0.0, 0.819152044288992, 5.567295456094497], [0.0, 0.0, 0.0, 1.0]]}
{"episode": 7, "step": 35, "state": [1, 35], "index": 140, "collision": 1, "reward": -1, "TCP": [[0.8191520442889919, 0.0, 0.5735764363510462, -8.161814829102006], [0.0, 1.0, 0.0, 0.0], [-0.573576436351046, 0.0, 0.819152044288992, 5.567295456094497], [0.0, 0.0, 0.0, 1.0]]}
{"episode": 7, "step": 36, "state": [1, 35], "index": 140, "collision": 1, "reward": -1, "TCP": [[0.8191520442889919, 0.0, 0.5735764363510462, -8.161814829102006], [0.0, 1.0, 0.0, 0.0], [-0.573576436351046, 0.0, 0.819152044288992, 5.567295456094497], [0.0, 0.0, 0.0, 1.0]]}
{"episode": 7, "step": 37, "state": [1, 40], "index": 140, "collision": 1, "reward": -0.5, "TCP": [[0.7660444431189781, 0.0, 0.6427876096865394, -7.645534888986426], [0.0, 1.0, 0.0, 0.0], [-0.6427876096865393, 0.0, 0.7660444431189782, 6.257459249670839], [0.0, 0.0, 0.0, 1.0]]}
{"episode": 7, "step": 38, "state": [1, 40], "index": 140, "collision": 1, "reward": -1, "TCP": [[0.7660444431189781, 0.0, 0.6427876096865394, -7.645534888986426], [0.0, 1.0, 0.0, 0.0], [-0.6427876096865393, 0.0, 0.7660444431189782, 6.257459249670839], [0.0, 0.0, 0.0, 1.0]]}
{"episode": 7, "step": 39, "state": [1, 40], "index": 140, "collision": 1, "reward": -1, "TCP": [[0.7660444431189781, 0.0, 0.6427876096865394, -7.645534888986426], [0.0, 1.0, 0.0, 0.0], [-0.6427876096865393, 0.0, 0.7660444431189782, 6.257459249670839], [0.0, 0.0, 0.0, 1.0]]}
{"episode": 7, "step": 40, "state": [1, 40], "index": 140, "collision": 1, "reward": -1, "TCP": [[0.7660444431189781, 0.0, 0.6427876096865394, -7.645534888986426], [0.0, 1.0, 0.0, 0.0], [-0.6427876096865393, 0.0, 0.7660444431189782, 6.257459249670839], [0.0, 0.0, 0.0, 1.0]]}
{"episode": 7, "step": 41, "state": [1, 40], "index": 140, "collision": 1, "reward": -1, "TCP": [[0.7660444431189781, 0.0, 0.6427876096865394, -7.645534888986426], [0.0, 1.0, 0.0, 0.0], [-0.6427876096865393, 0.0, 0.7660444431189782, 6.257459249670839], [0.0, 0.0, 0.0, 1.0]]}
{"episode": 7, "step": 42, "state": [1, 40], "index": 140, "collision": 1, "reward": -1, "TCP": [[0.7660444431189781, 0.0, 0.6427876096865394, -7.645534888986426], [0.0, 1.0, 0.0, 0.0], [-0.6427876096865393, 0.0, 0.7660444431189782, 6.257459249670839], [0.0, 0.0, 0.0, 1.0]]}
{"episode": 7, "step": 43, "state": [1, 40], "index": 140, "collision": 1, "reward": -1, "TCP": [[0.7660444431189781, 0.0, 0.6427876096865394, -7.645534888986426], [0.0, 1.0, 0.0, 0.0], [-0.6427876096865393, 0.0, 0.7660444431189782, 6.257459249670839], [0.0, 0.0, 0.0, 1.0]]}
{"episode": 7, "step": 44, "state": [1, 40], "index": 140, "collision": 1, "reward": -1, "TCP": [[0.7660444431189781, 0.0, 0.6427876096865394, -7.645534888986426], [0.0, 1.0, 0.0, 0.0], [-0.6427876096865393, 0.0, 0.7660444431189782, 6.257459249670839], [0.0, 0.0, 0.0, 1.0]]}
{"episode": 7, "step": 45, "state": [1, 40], "index": 140, "collision": 1, "reward": -1, "TCP": [[0.7660444431189781, 0.0, 0.6427876096865394, -7.645534888986426], [0.0, 1.0, 0.0, 0.0], [-0.6427876096865393, 0.0, 0.7660444431189782, 6.257459249670839], [0.0, 0.0, 0.0, 1.0]]}
{"episode": 7, "step": 46, "state": [1, 40], "index": 140, "collision": 1, "reward": -1, "TCP": [[0.7660444431189781, 0.0, 0.6427876096865394, -7.645534888986426], [0.0, 1.0, 0.0, 0.0], [-0.6427876096865393, 0.0, 0.7660444431189782, 6.257459249670839], [0.0, 0.0, 0.0, 1.0]]}
{"episode": 7, "step": 47, "state": [1, 40], "index": 140, "collision": 1, "reward": -1, "TCP": [[0.7660444431189781, 0.0, 0.6427876096865394, -7.645534888986426], [0.0, 1.0, 0.0, 0.0], [-0.6427876096865393, 0.0, 0.7660444431189782, 6.257459249670839], [0.0, 0.0, 0.0, 1.0]]}
